num= 189
0.00000, 00.000000, 00.000000, 12.000000
0.05000, 00.033309, 00.016664, 12.000000
0.10000, 00.066469, 00.033309, 12.000000
0.15000, 00.099335, 00.049917, 12.000000
0.20000, 00.131759, 00.066469, 12.000000
0.25000, 00.163597, 00.082948, 12.000000
0.30000, 00.194709, 00.099335, 12.000000
0.35000, 00.224956, 00.115611, 12.000000
0.40000, 00.254203, 00.131759, 12.000000
0.45000, 00.282321, 00.147760, 12.000000
0.50000, 00.309185, 00.163597, 12.000000
0.55000, 00.334675, 00.179253, 12.000000
0.60000, 00.358678, 00.194709, 12.000000
0.65000, 00.381088, 00.209949, 12.000000
0.70000, 00.401804, 00.224956, 12.000000
0.75000, 00.420735, 00.239713, 12.000000
0.80000, 00.437798, 00.254203, 12.000000
0.85000, 00.452915, 00.268411, 12.000000
0.90000, 00.466020, 00.282321, 12.000000
0.95000, 00.477054, 00.295917, 12.000000
1.00000, 00.485969, 00.309185, 12.000000
1.05000, 00.492725, 00.322109, 12.000000
1.10000, 00.497292, 00.334675, 12.000000
1.15000, 00.499649, 00.346869, 12.000000
1.20000, 00.499787, 00.358678, 12.000000
1.25000, 00.497704, 00.370088, 12.000000
1.30000, 00.493410, 00.381088, 12.000000
1.35000, 00.486924, 00.391663, 12.000000
1.40000, 00.478274, 00.401804, 12.000000
1.45000, 00.467500, 00.411498, 12.000000
1.50000, 00.454649, 00.420735, 12.000000
1.55000, 00.439777, 00.429505, 12.000000
1.60000, 00.422952, 00.437798, 12.000000
1.65000, 00.404248, 00.445604, 12.000000
1.70000, 00.383748, 00.452915, 12.000000
1.75000, 00.361543, 00.459722, 12.000000
1.80000, 00.337732, 00.466020, 12.000000
1.85000, 00.312420, 00.471799, 12.000000
1.90000, 00.285720, 00.477054, 12.000000
1.95000, 00.257751, 00.481779, 12.000000
2.00000, 00.228636, 00.485969, 12.000000
2.05000, 00.198506, 00.489619, 12.000000
2.10000, 00.167494, 00.492725, 12.000000
2.15000, 00.135738, 00.495283, 12.000000
2.20000, 00.103379, 00.497292, 12.000000
2.25000, 00.070560, 00.498747, 12.000000
2.30000, 00.037428, 00.499649, 12.000000
2.35000, 00.004130, 00.499996, 12.000000
2.40000, -0.029187, 00.499787, 12.000000
2.45000, -0.062374, 00.499023, 12.000000
2.50000, -0.095284, 00.497704, 12.000000
2.55000, -0.127771, 00.495832, 12.000000
2.60000, -0.159689, 00.493410, 12.000000
2.65000, -0.190899, 00.490439, 12.000000
2.70000, -0.221260, 00.486924, 12.000000
2.75000, -0.250639, 00.482867, 12.000000
2.80000, -0.278903, 00.478274, 12.000000
2.85000, -0.305929, 00.473150, 12.000000
2.90000, -0.331595, 00.467500, 12.000000
2.95000, -0.355789, 00.461331, 12.000000
3.00000, -0.378401, 00.454649, 12.000000
3.05000, -0.399333, 00.447462, 12.000000
3.10000, -0.418490, 00.439777, 12.000000
3.15000, -0.435788, 00.431605, 12.000000
3.20000, -0.451150, 00.422952, 12.000000
3.25000, -0.464507, 00.413830, 12.000000
3.30000, -0.475801, 00.404248, 12.000000
3.35000, -0.484981, 00.394217, 12.000000
3.40000, -0.492006, 00.383748, 12.000000
3.45000, -0.496846, 00.372853, 12.000000
3.50000, -0.499477, 00.361543, 12.000000
3.55000, -0.499890, 00.349832, 12.000000
3.60000, -0.498082, 00.337732, 12.000000
3.65000, -0.494061, 00.325256, 12.000000
3.70000, -0.487845, 00.312420, 12.000000
3.75000, -0.479462, 00.299236, 12.000000
3.80000, -0.468949, 00.285720, 12.000000
3.85000, -0.456352, 00.271886, 12.000000
3.90000, -0.441727, 00.257751, 12.000000
3.95000, -0.425140, 00.243329, 12.000000
4.00000, -0.406665, 00.228636, 12.000000
4.05000, -0.386382, 00.213690, 12.000000
4.10000, -0.364383, 00.198506, 12.000000
4.15000, -0.340765, 00.183102, 12.000000
4.20000, -0.315633, 00.167494, 12.000000
4.25000, -0.289099, 00.151700, 12.000000
4.30000, -0.261281, 00.135738, 12.000000
4.35000, -0.232301, 00.119625, 12.000000
4.40000, -0.202290, 00.103379, 12.000000
4.45000, -0.171379, 00.087018, 12.000000
4.50000, -0.139708, 00.070560, 12.000000
4.55000, -0.107415, 00.054024, 12.000000
4.60000, -0.074646, 00.037428, 12.000000
4.65000, -0.041545, 00.020790, 12.000000
4.70000, -0.008259, 00.004130, 12.000000
4.75000, 00.025064, -0.012536, 12.000000
4.80000, 00.058275, -0.029187, 12.000000
4.85000, 00.091227, -0.045806, 12.000000
4.90000, 00.123774, -0.062374, 12.000000
4.95000, 00.155771, -0.078873, 12.000000
5.00000, 00.187076, -0.095284, 12.000000
5.05000, 00.217549, -0.111589, 12.000000
5.10000, 00.247057, -0.127771, 12.000000
5.15000, 00.275466, -0.143810, 12.000000
5.20000, 00.302652, -0.159689, 12.000000
5.25000, 00.328493, -0.175392, 12.000000
5.30000, 00.352875, -0.190899, 12.000000
5.35000, 00.375689, -0.206194, 12.000000
5.40000, 00.396834, -0.221260, 12.000000
5.45000, 00.416216, -0.236081, 12.000000
5.50000, 00.433748, -0.250639, 12.000000
5.55000, 00.449354, -0.264918, 12.000000
5.60000, 00.462963, -0.278903, 12.000000
5.65000, 00.474516, -0.292579, 12.000000
5.70000, 00.483960, -0.305929, 12.000000
5.75000, 00.491254, -0.318939, 12.000000
5.80000, 00.496365, -0.331595, 12.000000
5.85000, 00.499272, -0.343883, 12.000000
5.90000, 00.499960, -0.355789, 12.000000
5.95000, 00.498427, -0.367299, 12.000000
6.00000, 00.494679, -0.378401, 12.000000
6.05000, 00.488734, -0.389083, 12.000000
6.10000, 00.480617, -0.399333, 12.000000
6.15000, 00.470365, -0.409139, 12.000000
6.20000, 00.458024, -0.418490, 12.000000
6.25000, 00.443647, -0.427376, 12.000000
6.30000, 00.427299, -0.435788, 12.000000
6.35000, 00.409053, -0.443715, 12.000000
6.40000, 00.388990, -0.451150, 12.000000
6.45000, 00.367199, -0.458083, 12.000000
6.50000, 00.343776, -0.464507, 12.000000
6.55000, 00.318825, -0.470415, 12.000000
6.60000, 00.292459, -0.475801, 12.000000
6.65000, 00.264793, -0.480658, 12.000000
6.70000, 00.235950, -0.484981, 12.000000
6.75000, 00.206059, -0.488765, 12.000000
6.80000, 00.175253, -0.492006, 12.000000
6.85000, 00.143668, -0.494701, 12.000000
6.90000, 00.111445, -0.496846, 12.000000
6.95000, 00.078727, -0.498438, 12.000000
7.00000, 00.045659, -0.499477, 12.000000
7.05000, 00.012388, -0.499962, 12.000000
7.10000, -0.020938, -0.499890, 12.000000
7.15000, -0.054171, -0.499264, 12.000000
7.20000, -0.087163, -0.498082, 12.000000
7.25000, -0.119768, -0.496348, 12.000000
7.30000, -0.151841, -0.494061, 12.000000
7.35000, -0.183240, -0.491226, 12.000000
7.40000, -0.213824, -0.487845, 12.000000
7.45000, -0.243458, -0.483923, 12.000000
7.50000, -0.272011, -0.479462, 12.000000
7.55000, -0.299355, -0.474469, 12.000000
7.60000, -0.325369, -0.468949, 12.000000
7.65000, -0.349937, -0.462907, 12.000000
7.70000, -0.372951, -0.456352, 12.000000
7.75000, -0.394308, -0.449289, 12.000000
7.80000, -0.413913, -0.441727, 12.000000
7.85000, -0.431679, -0.433675, 12.000000
7.90000, -0.447528, -0.425140, 12.000000
7.95000, -0.461388, -0.416134, 12.000000
8.00000, -0.473198, -0.406665, 12.000000
8.05000, -0.482906, -0.396744, 12.000000
8.10000, -0.490468, -0.386382, 12.000000
8.15000, -0.495851, -0.375591, 12.000000
8.20000, -0.499032, -0.364383, 12.000000
8.25000, -0.499995, -0.352770, 12.000000
8.30000, -0.498737, -0.340765, 12.000000
8.35000, -0.495263, -0.328382, 12.000000
8.40000, -0.489589, -0.315633, 12.000000
8.45000, -0.481739, -0.302534, 12.000000
8.50000, -0.471750, -0.289099, 12.000000
8.55000, -0.459664, -0.275343, 12.000000
8.60000, -0.445537, -0.261281, 12.000000
8.65000, -0.429429, -0.246928, 12.000000
8.70000, -0.411414, -0.232301, 12.000000
8.75000, -0.391571, -0.217416, 12.000000
8.80000, -0.369989, -0.202290, 12.000000
8.85000, -0.346763, -0.186938, 12.000000
8.90000, -0.321996, -0.171379, 12.000000
8.95000, -0.295798, -0.155630, 12.000000
9.00000, -0.268286, -0.139708, 12.000000
9.05000, -0.239583, -0.123630, 12.000000
9.10000, -0.209815, -0.107415, 12.000000
9.15000, -0.179115, -0.091081, 12.000000
9.20000, -0.147619, -0.074646, 12.000000
9.25000, -0.115467, -0.058128, 12.000000
9.30000, -0.082802, -0.041545, 12.000000
9.35000, -0.049769, -0.024916, 12.000000
9.40000, -0.016516, -0.008259, 12.000000
