dt = 0.025
tf = 5
len = 201
ho = 1.0
xoptimal = 
    0.500000,    0.000000,    0.500000,    1.000000,    0.000000,    0.000000,    0.000000,    0.000000,
    0.499999,   -0.000752,    0.498501,    1.000753,   -0.000097,   -0.057814,   -0.116408,    0.057988,
    0.499990,   -0.002782,    0.494347,    1.002798,   -0.000775,   -0.102610,   -0.212668,    0.103800,
    0.499951,   -0.005789,    0.488022,    1.005859,   -0.002599,   -0.136184,   -0.290399,    0.139588,
    0.499847,   -0.009513,    0.479968,    1.009708,   -0.006068,   -0.160289,   -0.351293,    0.167056,
    0.499631,   -0.013738,    0.470583,    1.014154,   -0.011590,   -0.176598,   -0.397080,    0.187568,
    0.499248,   -0.018291,    0.460225,    1.019038,   -0.019460,   -0.186668,   -0.429501,    0.202234,
    0.498636,   -0.023032,    0.449205,    1.024225,   -0.029858,   -0.191910,   -0.450276,    0.211977,
    0.497733,   -0.027856,    0.437794,    1.029602,   -0.042851,   -0.193565,   -0.461082,    0.217584,
    0.496472,   -0.032689,    0.426221,    1.035076,   -0.058409,   -0.192692,   -0.463526,    0.219743,
    0.494792,   -0.037477,    0.414675,    1.040566,   -0.076418,   -0.190167,   -0.459130,    0.219068,
    0.492633,   -0.042189,    0.403310,    1.046010,   -0.096698,   -0.186683,   -0.449314,    0.216111,
    0.489940,   -0.046808,    0.392244,    1.051357,   -0.119022,   -0.182769,   -0.435386,    0.211375,
    0.486667,   -0.051327,    0.381565,    1.056568,   -0.143129,   -0.178804,   -0.418537,    0.205311,
    0.482771,   -0.055750,    0.371332,    1.061615,   -0.168742,   -0.175033,   -0.399836,    0.198323,
    0.478219,   -0.060082,    0.361580,    1.066479,   -0.195571,   -0.171598,   -0.380232,    0.190763,
    0.472985,   -0.064333,    0.352321,    1.071151,   -0.223329,   -0.168549,   -0.360550,    0.182932,
    0.467047,   -0.068512,    0.343548,    1.075626,   -0.251733,   -0.165872,   -0.341505,    0.175081,
    0.460395,   -0.072629,    0.335236,    1.079906,   -0.280512,   -0.163504,   -0.323691,    0.167406,
    0.453021,   -0.076689,    0.327348,    1.083999,   -0.309406,   -0.161352,   -0.307604,    0.160055,
    0.444926,   -0.080698,    0.319838,    1.087912,   -0.338170,   -0.159307,   -0.293637,    0.153130,
    0.436115,   -0.084655,    0.312646,    1.091659,   -0.366577,   -0.157253,   -0.282088,    0.146689,
    0.426602,   -0.088559,    0.305711,    1.095251,   -0.394415,   -0.155082,   -0.273169,    0.140753,
    0.416401,   -0.092407,    0.298965,    1.098701,   -0.421491,   -0.152696,   -0.267011,    0.135311,
    0.405535,   -0.096192,    0.292337,    1.102020,   -0.447632,   -0.150014,   -0.263673,    0.130327,
    0.394028,   -0.099905,    0.285758,    1.105221,   -0.472683,   -0.146976,   -0.263146,    0.125744,
    0.381911,   -0.103537,    0.279157,    1.108310,   -0.496510,   -0.143540,   -0.265365,    0.121494,
    0.369214,   -0.107078,    0.272468,    1.111297,   -0.518998,   -0.139687,   -0.270211,    0.117500,
    0.355973,   -0.110518,    0.265626,    1.114187,   -0.540057,   -0.135416,   -0.277520,    0.113683,
    0.342224,   -0.113846,    0.258573,    1.116982,   -0.559611,   -0.130740,   -0.287094,    0.109965,
    0.328005,   -0.117052,    0.251254,    1.119685,   -0.577611,   -0.125687,   -0.298703,    0.106274,
    0.313357,   -0.120127,    0.243623,    1.122296,   -0.594024,   -0.120295,   -0.312095,    0.102547,
    0.298317,   -0.123064,    0.235637,    1.124812,   -0.608837,   -0.114610,   -0.327001,    0.098728,
    0.282928,   -0.125856,    0.227262,    1.127231,   -0.622053,   -0.108677,   -0.343143,    0.094772,
    0.267228,   -0.128496,    0.218472,    1.129549,   -0.633695,   -0.102546,   -0.360238,    0.090648,
    0.251256,   -0.130982,    0.209245,    1.131762,   -0.643796,   -0.096262,   -0.378005,    0.086331,
    0.235051,   -0.133309,    0.199568,    1.133864,   -0.652404,   -0.089871,   -0.396168,    0.081810,
    0.218648,   -0.135475,    0.189435,    1.135851,   -0.659577,   -0.083411,   -0.414463,    0.077081,
    0.202083,   -0.137479,    0.178846,    1.137716,   -0.665380,   -0.076916,   -0.432636,    0.072148,
    0.185390,   -0.139320,    0.167807,    1.139456,   -0.669888,   -0.070413,   -0.450453,    0.067020,
    0.168599,   -0.141000,    0.156328,    1.141066,   -0.673177,   -0.063923,   -0.467699,    0.061711,
    0.151740,   -0.142517,    0.144428,    1.142541,   -0.675329,   -0.057464,   -0.484176,    0.056241,
    0.134841,   -0.143873,    0.132127,    1.143877,   -0.676427,   -0.051046,   -0.499714,    0.050628,
    0.117927,   -0.145070,    0.119451,    1.145071,   -0.676551,   -0.044676,   -0.514160,    0.044894,
    0.101021,   -0.146107,    0.106429,    1.146121,   -0.675783,   -0.038358,   -0.527389,    0.039059,
    0.084145,   -0.146988,    0.093093,    1.147023,   -0.674203,   -0.032092,   -0.539294,    0.033145,
    0.067317,   -0.147712,    0.079476,    1.147777,   -0.671884,   -0.025876,   -0.549796,    0.027170,
    0.050556,   -0.148282,    0.065615,    1.148381,   -0.668898,   -0.019708,   -0.558832,    0.021152,
    0.033877,   -0.148698,    0.051547,    1.148835,   -0.665311,   -0.013585,   -0.566366,    0.015107,
    0.017295,   -0.148962,    0.037310,    1.149137,   -0.661184,   -0.007502,   -0.572376,    0.009050,
    0.000822,   -0.149074,    0.022941,    1.149287,   -0.656573,   -0.001457,   -0.576863,    0.002993,
   -0.015530,   -0.149035,    0.008479,    1.149286,   -0.651526,    0.004553,   -0.579841,   -0.003052,
   -0.031751,   -0.148846,   -0.006039,    1.149135,   -0.646086,    0.010530,   -0.581340,   -0.009076,
   -0.047831,   -0.148509,   -0.020576,    1.148833,   -0.640292,    0.016474,   -0.581403,   -0.015071,
   -0.063763,   -0.148023,   -0.035097,    1.148382,   -0.634174,    0.022386,   -0.580086,   -0.021027,
   -0.079538,   -0.147390,   -0.049569,    1.147782,   -0.627758,    0.028265,   -0.577453,   -0.026940,
   -0.095149,   -0.146610,   -0.063960,    1.147035,   -0.621062,    0.034107,   -0.573577,   -0.032802,
   -0.110589,   -0.145685,   -0.078238,    1.146142,   -0.614103,    0.039911,   -0.568535,   -0.038607,
   -0.125852,   -0.144615,   -0.092377,    1.145105,   -0.606888,    0.045673,   -0.562411,   -0.044352,
   -0.140931,   -0.143401,   -0.106350,    1.143925,   -0.599423,    0.051389,   -0.555290,   -0.050030,
   -0.155821,   -0.142046,   -0.120134,    1.142604,   -0.591709,    0.057054,   -0.547260,   -0.055636,
   -0.170514,   -0.140549,   -0.133707,    1.141144,   -0.583742,    0.062663,   -0.538407,   -0.061167,
   -0.185006,   -0.138913,   -0.147048,    1.139547,   -0.575516,    0.068212,   -0.528820,   -0.066617,
   -0.199288,   -0.137139,   -0.160142,    1.137814,   -0.567023,    0.073695,   -0.518581,   -0.071984,
   -0.213354,   -0.135229,   -0.172973,    1.135948,   -0.558252,    0.079108,   -0.507770,   -0.077262,
   -0.227198,   -0.133184,   -0.185526,    1.133952,   -0.549188,    0.084445,   -0.496466,   -0.082450,
   -0.240811,   -0.131007,   -0.197793,    1.131826,   -0.539820,    0.089702,   -0.484738,   -0.087542,
   -0.254186,   -0.128700,   -0.209761,    1.129575,   -0.530130,    0.094873,   -0.472656,   -0.092537,
   -0.267315,   -0.126264,   -0.221423,    1.127200,   -0.520105,    0.099953,   -0.460278,   -0.097433,
   -0.280189,   -0.123703,   -0.232773,    1.124704,   -0.509728,    0.104937,   -0.447659,   -0.102226,
   -0.292798,   -0.121018,   -0.243804,    1.122090,   -0.498986,    0.109821,   -0.434849,   -0.106914,
   -0.305135,   -0.118213,   -0.254514,    1.119360,   -0.487864,    0.114600,   -0.421888,   -0.111497,
   -0.317188,   -0.115289,   -0.264898,    1.116516,   -0.476349,    0.119268,   -0.408813,   -0.115972,
   -0.328949,   -0.112250,   -0.274954,    1.113562,   -0.464431,    0.123821,   -0.395653,   -0.120339,
   -0.340406,   -0.109099,   -0.284680,    1.110500,   -0.452098,    0.128254,   -0.382430,   -0.124595,
   -0.351550,   -0.105839,   -0.294075,    1.107333,   -0.439344,    0.132562,   -0.369165,   -0.128739,
   -0.362370,   -0.102472,   -0.303138,    1.104064,   -0.426162,    0.136740,   -0.355869,   -0.132770,
   -0.372855,   -0.099003,   -0.311868,    1.100696,   -0.412549,    0.140784,   -0.342548,   -0.136687,
   -0.382994,   -0.095434,   -0.320265,    1.097231,   -0.398502,    0.144688,   -0.329209,   -0.140488,
   -0.392776,   -0.091770,   -0.328328,    1.093672,   -0.384022,    0.148448,   -0.315849,   -0.144172,
   -0.402191,   -0.088013,   -0.336057,    1.090023,   -0.369113,    0.152060,   -0.302464,   -0.147735,
   -0.411228,   -0.084168,   -0.343451,    1.086286,   -0.353780,    0.155519,   -0.289047,   -0.151176,
   -0.419877,   -0.080238,   -0.350509,    1.082465,   -0.338030,    0.158820,   -0.275590,   -0.154491,
   -0.428126,   -0.076228,   -0.357230,    1.078563,   -0.321873,    0.161960,   -0.262081,   -0.157678,
   -0.435967,   -0.072142,   -0.363613,    1.074582,   -0.305320,    0.164934,   -0.248508,   -0.160733,
   -0.443389,   -0.067983,   -0.369655,    1.070527,   -0.288386,    0.167739,   -0.234857,   -0.163653,
   -0.450383,   -0.063756,   -0.375355,    1.066401,   -0.271086,    0.170373,   -0.221116,   -0.166433,
   -0.456940,   -0.059466,   -0.380710,    1.062207,   -0.253437,    0.172831,   -0.207270,   -0.169071,
   -0.463052,   -0.055116,   -0.385718,    1.057949,   -0.235459,    0.175112,   -0.193307,   -0.171561,
   -0.468711,   -0.050712,   -0.390374,    1.053630,   -0.217172,    0.177213,   -0.179216,   -0.173899,
   -0.473909,   -0.046257,   -0.394677,    1.049255,   -0.198597,    0.179132,   -0.164985,   -0.176081,
   -0.478638,   -0.041757,   -0.398622,    1.044827,   -0.179758,    0.180867,   -0.150605,   -0.178102,
   -0.482895,   -0.037215,   -0.402206,    1.040351,   -0.160678,    0.182418,   -0.136070,   -0.179958,
   -0.486671,   -0.032637,   -0.405424,    1.035831,   -0.141382,    0.183783,   -0.121373,   -0.181645,
   -0.489962,   -0.028028,   -0.408273,    1.031270,   -0.121895,    0.184961,   -0.106511,   -0.183159,
   -0.492764,   -0.023391,   -0.410749,    1.026674,   -0.102243,    0.185952,   -0.091484,   -0.184496,
   -0.495073,   -0.018732,   -0.412846,    1.022047,   -0.082451,    0.186755,   -0.076292,   -0.185653,
   -0.496886,   -0.014055,   -0.414562,    1.017393,   -0.062546,    0.187372,   -0.060939,   -0.186625,
   -0.498200,   -0.009365,   -0.415892,    1.012718,   -0.042555,    0.187801,   -0.045431,   -0.187411,
   -0.499013,   -0.004666,   -0.416832,    1.008024,   -0.022503,    0.188043,   -0.029776,   -0.188008,
   -0.499324,    0.000036,   -0.417379,    1.003319,   -0.002417,    0.188100,   -0.013985,   -0.188414,
   -0.499134,    0.004737,   -0.417530,    0.998605,    0.017678,    0.187970,    0.001931,   -0.188626,
   -0.498441,    0.009433,   -0.417282,    0.993889,    0.037755,    0.187655,    0.017957,   -0.188643,
   -0.497246,    0.014119,   -0.416632,    0.989175,    0.057790,    0.187157,    0.034077,   -0.188464,
   -0.495552,    0.018789,   -0.415577,    0.984467,    0.077758,    0.186475,    0.050273,   -0.188090,
   -0.493359,    0.023441,   -0.414117,    0.979772,    0.097635,    0.185613,    0.066527,   -0.187518,
   -0.490671,    0.028069,   -0.412251,    0.975093,    0.117397,    0.184569,    0.082818,   -0.186750,
   -0.487491,    0.032668,   -0.409976,    0.970436,    0.137021,    0.183347,    0.099124,   -0.185786,
   -0.483821,    0.037234,   -0.407294,    0.965805,    0.156484,    0.181947,    0.115424,   -0.184626,
   -0.479668,    0.041764,   -0.404205,    0.961206,    0.175765,    0.180370,    0.131694,   -0.183271,
   -0.475035,    0.046251,   -0.400710,    0.956644,    0.194843,    0.178620,    0.147912,   -0.181724,
   -0.469928,    0.050693,   -0.396810,    0.952122,    0.213696,    0.176696,    0.164055,   -0.179984,
   -0.464352,    0.055085,   -0.392508,    0.947646,    0.232306,    0.174601,    0.180099,   -0.178055,
   -0.458315,    0.059422,   -0.387807,    0.943221,    0.250652,    0.172338,    0.196021,   -0.175937,
   -0.451822,    0.063700,   -0.382709,    0.938851,    0.268717,    0.169907,    0.211798,   -0.173634,
   -0.444881,    0.067916,   -0.377218,    0.934540,    0.286482,    0.167311,    0.227408,   -0.171147,
   -0.437500,    0.072065,   -0.371340,    0.930295,    0.303929,    0.164553,    0.242830,   -0.168480,
   -0.429687,    0.076142,   -0.365078,    0.926118,    0.321044,    0.161635,    0.258043,   -0.165634,
   -0.421451,    0.080145,   -0.358439,    0.922014,    0.337808,    0.158560,    0.273026,   -0.162614,
   -0.412800,    0.084069,   -0.351429,    0.917989,    0.354207,    0.155330,    0.287762,   -0.159422,
   -0.403744,    0.087910,   -0.344054,    0.914045,    0.370225,    0.151948,    0.302230,   -0.156061,
   -0.394292,    0.091665,   -0.336320,    0.910187,    0.385849,    0.148417,    0.316414,   -0.152536,
   -0.384455,    0.095330,   -0.328235,    0.906419,    0.401066,    0.144740,    0.330298,   -0.148848,
   -0.374242,    0.098901,   -0.319808,    0.902746,    0.415861,    0.140921,    0.343866,   -0.145004,
   -0.363665,    0.102375,   -0.311045,    0.899170,    0.430222,    0.136963,    0.357103,   -0.141005,
   -0.352735,    0.105748,   -0.301955,    0.895697,    0.444139,    0.132870,    0.369997,   -0.136857,
   -0.341462,    0.109017,   -0.292548,    0.892329,    0.457599,    0.128645,    0.382534,   -0.132564,
   -0.329859,    0.112179,   -0.282832,    0.889070,    0.470593,    0.124293,    0.394701,   -0.128131,
   -0.317937,    0.115231,   -0.272816,    0.885923,    0.483109,    0.119816,    0.406488,   -0.123561,
   -0.305707,    0.118169,   -0.262511,    0.882893,    0.495141,    0.115220,    0.417882,   -0.118860,
   -0.293184,    0.120991,   -0.251926,    0.879981,    0.506678,    0.110509,    0.428872,   -0.114033,
   -0.280378,    0.123693,   -0.241071,    0.877192,    0.517713,    0.105686,    0.439448,   -0.109085,
   -0.267302,    0.126274,   -0.229957,    0.874528,    0.528240,    0.100758,    0.449599,   -0.104022,
   -0.253970,    0.128730,   -0.218594,    0.871992,    0.538251,    0.095727,    0.459313,   -0.098848,
   -0.240394,    0.131060,   -0.206995,    0.869587,    0.547741,    0.090599,    0.468580,   -0.093571,
   -0.226587,    0.133260,   -0.195169,    0.867314,    0.556704,    0.085380,    0.477387,   -0.088195,
   -0.212563,    0.135328,   -0.183129,    0.865178,    0.565138,    0.080073,    0.485723,   -0.082726,
   -0.198335,    0.137263,   -0.170887,    0.863179,    0.573036,    0.074685,    0.493576,   -0.077172,
   -0.183916,    0.139062,   -0.158455,    0.861320,    0.580396,    0.069221,    0.500933,   -0.071538,
   -0.169320,    0.140723,   -0.145845,    0.859603,    0.587215,    0.063686,    0.507779,   -0.065830,
   -0.154560,    0.142245,   -0.133070,    0.858029,    0.593491,    0.058086,    0.514101,   -0.060054,
   -0.139650,    0.143627,   -0.120144,    0.856600,    0.599221,    0.052426,    0.519884,   -0.054217,
   -0.124603,    0.144866,   -0.107080,    0.855318,    0.604403,    0.046712,    0.525113,   -0.048325,
   -0.109434,    0.145962,   -0.093893,    0.854184,    0.609036,    0.040951,    0.529772,   -0.042385,
   -0.094156,    0.146913,   -0.080597,    0.853200,    0.613118,    0.035149,    0.533845,   -0.036402,
   -0.078783,    0.147719,   -0.067206,    0.852365,    0.616647,    0.029311,    0.537316,   -0.030384,
   -0.063328,    0.148379,   -0.053736,    0.851681,    0.619621,    0.023444,    0.540168,   -0.024336,
   -0.047806,    0.148891,   -0.040203,    0.851148,    0.622038,    0.017555,    0.542387,   -0.018264,
   -0.032231,    0.149256,   -0.026622,    0.850768,    0.623897,    0.011649,    0.543956,   -0.012174,
   -0.016616,    0.149474,   -0.013010,    0.850539,    0.625193,    0.005734,    0.544861,   -0.006073,
   -0.000976,    0.149543,    0.000615,    0.850464,    0.625925,   -0.000184,    0.545088,    0.000035,
    0.014675,    0.149464,    0.014238,    0.850541,    0.626088,   -0.006099,    0.544627,    0.006142,
    0.030324,    0.149238,    0.027841,    0.850771,    0.625677,   -0.012003,    0.543466,    0.012245,
    0.045954,    0.148864,    0.041406,    0.851153,    0.624689,   -0.017891,    0.541599,    0.018336,
    0.061553,    0.148344,    0.054915,    0.851688,    0.623117,   -0.023755,    0.539020,    0.024412,
    0.077105,    0.147677,    0.068351,    0.852374,    0.620955,   -0.029590,    0.535729,    0.030465,
    0.092596,    0.146865,    0.081695,    0.853211,    0.618196,   -0.035388,    0.531725,    0.036492,
    0.108010,    0.145908,    0.094931,    0.854198,    0.614833,   -0.041144,    0.527015,    0.042486,
    0.123332,    0.144808,    0.108040,    0.855335,    0.610858,   -0.046852,    0.521608,    0.048442,
    0.138548,    0.143566,    0.121006,    0.856620,    0.606263,   -0.052505,    0.515519,    0.054354,
    0.153640,    0.142183,    0.133811,    0.858052,    0.601039,   -0.058099,    0.508767,    0.060217,
    0.168594,    0.140661,    0.146439,    0.859630,    0.595179,   -0.063627,    0.501375,    0.066025,
    0.183394,    0.139002,    0.158875,    0.861353,    0.588674,   -0.069086,    0.493373,    0.071772,
    0.198023,    0.137208,    0.171103,    0.863218,    0.581517,   -0.074469,    0.484794,    0.077451,
    0.212464,    0.135279,    0.183110,    0.865225,    0.573701,   -0.079775,    0.475679,    0.083055,
    0.226702,    0.133220,    0.194883,    0.867370,    0.565222,   -0.084997,    0.466072,    0.088578,
    0.240720,    0.131030,    0.206410,    0.869653,    0.556074,   -0.090134,    0.456023,    0.094012,
    0.254500,    0.128714,    0.217680,    0.872070,    0.546257,   -0.095182,    0.445587,    0.099349,
    0.268027,    0.126272,    0.228686,    0.874619,    0.535770,   -0.100139,    0.434823,    0.104579,
    0.281283,    0.123707,    0.239419,    0.877298,    0.524615,   -0.105002,    0.423795,    0.109695,
    0.294252,    0.121023,    0.249874,    0.880103,    0.512799,   -0.109769,    0.412568,    0.114685,
    0.306918,    0.118220,    0.260047,    0.883031,    0.500331,   -0.114439,    0.401213,    0.119540,
    0.319264,    0.115301,    0.269934,    0.886079,    0.487223,   -0.119010,    0.389801,    0.124251,
    0.331274,    0.112270,    0.279537,    0.889242,    0.473492,   -0.123480,    0.378404,    0.128805,
    0.342933,    0.109128,    0.288855,    0.892518,    0.459160,   -0.127847,    0.367096,    0.133192,
    0.354227,    0.105879,    0.297892,    0.895901,    0.444250,   -0.132108,    0.355949,    0.137401,
    0.365141,    0.102524,    0.306654,    0.899386,    0.428796,   -0.136262,    0.345034,    0.141422,
    0.375663,    0.099067,    0.315147,    0.902970,    0.412833,   -0.140303,    0.334421,    0.145244,
    0.385779,    0.095510,    0.323378,    0.906647,    0.396398,   -0.144228,    0.324174,    0.148859,
    0.395479,    0.091856,    0.331359,    0.910411,    0.379542,   -0.148032,    0.314351,    0.152257,
    0.404753,    0.088109,    0.339100,    0.914258,    0.362312,   -0.151708,    0.305011,    0.155433,
    0.413592,    0.084272,    0.346613,    0.918181,    0.344766,   -0.155250,    0.296199,    0.158380,
    0.421990,    0.080348,    0.353914,    0.922175,    0.326964,   -0.158648,    0.287955,    0.161096,
    0.429939,    0.076341,    0.361016,    0.926234,    0.308972,   -0.161893,    0.280315,    0.163578,
    0.437437,    0.072255,    0.367935,    0.930352,    0.290860,   -0.164977,    0.273299,    0.165829,
    0.444482,    0.068093,    0.374686,    0.934523,    0.272701,   -0.167889,    0.266922,    0.167853,
    0.451072,    0.063862,    0.381286,    0.938743,    0.254573,   -0.170620,    0.261190,    0.169656,
    0.457211,    0.059564,    0.387751,    0.943004,    0.236556,   -0.173158,    0.256095,    0.171250,
    0.462902,    0.055205,    0.394096,    0.947303,    0.218733,   -0.175496,    0.251623,    0.172644,
    0.468150,    0.050791,    0.400337,    0.951635,    0.201188,   -0.177623,    0.247748,    0.173854,
    0.472964,    0.046326,    0.406489,    0.955995,    0.184007,   -0.179530,    0.244437,    0.174894,
    0.477354,    0.041816,    0.412563,    0.960378,    0.167276,   -0.181208,    0.241646,    0.175779,
    0.481332,    0.037268,    0.418575,    0.964782,    0.151080,   -0.182650,    0.239327,    0.176524,
    0.484913,    0.032686,    0.424533,    0.969203,    0.135501,   -0.183848,    0.237423,    0.177142,
    0.488113,    0.028077,    0.430449,    0.973639,    0.120623,   -0.184794,    0.235875,    0.177644,
    0.490951,    0.023448,    0.436330,    0.978085,    0.106522,   -0.185479,    0.234621,    0.178036,
    0.493447,    0.018806,    0.442182,    0.982539,    0.093274,   -0.185895,    0.233601,    0.178320,
    0.495622,    0.014156,    0.448011,    0.987000,    0.080946,   -0.186028,    0.232755,    0.178490,
    0.497502,    0.009507,    0.453821,    0.991463,    0.069604,   -0.185864,    0.232031,    0.178528,
    0.499111,    0.004866,    0.459613,    0.995925,    0.059305,   -0.185378,    0.231387,    0.178408,
    0.500476,    0.000241,    0.465391,    1.000381,    0.050099,   -0.184537,    0.230791,    0.178087,
uoptimal = 
   -5.080033,    2.597269,
   -4.242878,    2.059951,
   -3.468731,    1.619274,
   -2.761047,    1.254983,
   -2.122010,    0.951450,
   -1.552590,    0.696867,
   -1.052571,    0.482553,
   -0.620657,    0.302126,
   -0.254543,    0.151010,
    0.048871,    0.025798,
    0.293370,   -0.076136,
    0.483231,   -0.157023,
    0.623074,   -0.218837,
    0.717710,   -0.263550,
    0.772018,   -0.293148,
    0.790842,   -0.309661,
    0.778925,   -0.315138,
    0.740839,   -0.311688,
    0.680943,   -0.301348,
    0.603374,   -0.286048,
    0.512025,   -0.267583,
    0.410504,   -0.247569,
    0.302162,   -0.227396,
    0.190079,   -0.208212,
    0.077038,   -0.190915,
   -0.034472,   -0.176158,
   -0.142227,   -0.164350,
   -0.244310,   -0.155688,
   -0.339111,   -0.150188,
   -0.425286,   -0.147706,
   -0.501768,   -0.147967,
   -0.567795,   -0.150613,
   -0.622841,   -0.155231,
   -0.666633,   -0.161413,
   -0.699112,   -0.168711,
   -0.720412,   -0.176702,
   -0.730871,   -0.185007,
   -0.730974,   -0.193297,
   -0.721322,   -0.201313,
   -0.702633,   -0.208837,
   -0.675701,   -0.215704,
   -0.641391,   -0.221805,
   -0.600605,   -0.227081,
   -0.554266,   -0.231510,
   -0.503294,   -0.235109,
   -0.448603,   -0.237914,
   -0.391083,   -0.239977,
   -0.331599,   -0.241360,
   -0.270951,   -0.242130,
   -0.209899,   -0.242359,
   -0.149131,   -0.242113,
   -0.089283,   -0.241450,
   -0.030917,   -0.240420,
    0.025467,   -0.239064,
    0.079457,   -0.237424,
    0.130696,   -0.235525,
    0.178912,   -0.233389,
    0.223896,   -0.231034,
    0.265492,   -0.228473,
    0.303615,   -0.225717,
    0.338230,   -0.222772,
    0.369368,   -0.219653,
    0.397097,   -0.216365,
    0.421524,   -0.212925,
    0.442797,   -0.209338,
    0.461095,   -0.205616,
    0.476618,   -0.201774,
    0.489599,   -0.197824,
    0.500272,   -0.193779,
    0.508883,   -0.189649,
    0.515691,   -0.185444,
    0.520941,   -0.181171,
    0.524892,   -0.176837,
    0.527785,   -0.172449,
    0.529848,   -0.168010,
    0.531303,   -0.163521,
    0.532356,   -0.158977,
    0.533189,   -0.154375,
    0.533978,   -0.149700,
    0.534865,   -0.144943,
    0.535970,   -0.140096,
    0.537403,   -0.135141,
    0.539243,   -0.130067,
    0.541554,   -0.124863,
    0.544385,   -0.119525,
    0.547751,   -0.114038,
    0.551656,   -0.108393,
    0.556081,   -0.102578,
    0.561002,   -0.096590,
    0.566378,   -0.090428,
    0.572154,   -0.084092,
    0.578257,   -0.077579,
    0.584618,   -0.070895,
    0.591153,   -0.064045,
    0.597777,   -0.057038,
    0.604402,   -0.049890,
    0.610928,   -0.042606,
    0.617263,   -0.035200,
    0.623319,   -0.027679,
    0.629005,   -0.020058,
    0.634240,   -0.012356,
    0.638942,   -0.004593,
    0.643033,    0.003217,
    0.646453,    0.011060,
    0.649135,    0.018921,
    0.651026,    0.026788,
    0.652081,    0.034651,
    0.652267,    0.042494,
    0.651557,    0.050298,
    0.649932,    0.058057,
    0.647379,    0.065756,
    0.643886,    0.073395,
    0.639466,    0.080960,
    0.634133,    0.088436,
    0.627901,    0.095817,
    0.620796,    0.103097,
    0.612836,    0.110271,
    0.604055,    0.117332,
    0.594491,    0.124270,
    0.584179,    0.131079,
    0.573158,    0.137751,
    0.561466,    0.144282,
    0.549136,    0.150663,
    0.536209,    0.156890,
    0.522720,    0.162954,
    0.508696,    0.168849,
    0.494166,    0.174567,
    0.479156,    0.180102,
    0.463681,    0.185446,
    0.447758,    0.190591,
    0.431396,    0.195531,
    0.414599,    0.200261,
    0.397365,    0.204774,
    0.379688,    0.209059,
    0.361552,    0.213108,
    0.342950,    0.216921,
    0.323860,    0.220491,
    0.304265,    0.223815,
    0.284139,    0.226892,
    0.263461,    0.229720,
    0.242202,    0.232296,
    0.220338,    0.234618,
    0.197859,    0.236685,
    0.174746,    0.238498,
    0.150985,    0.240058,
    0.126577,    0.241370,
    0.101527,    0.242440,
    0.075847,    0.243270,
    0.049572,    0.243860,
    0.022733,    0.244216,
   -0.004607,    0.244341,
   -0.032381,    0.244240,
   -0.060509,    0.243916,
   -0.088889,    0.243372,
   -0.117404,    0.242614,
   -0.145933,    0.241637,
   -0.174322,    0.240445,
   -0.202411,    0.239035,
   -0.230018,    0.237404,
   -0.256963,    0.235548,
   -0.283058,    0.233461,
   -0.308093,    0.231134,
   -0.331866,    0.228559,
   -0.354161,    0.225722,
   -0.374763,    0.222605,
   -0.393468,    0.219192,
   -0.410057,    0.215461,
   -0.424381,    0.211396,
   -0.436263,    0.206975,
   -0.445545,    0.202178,
   -0.452102,    0.196986,
   -0.455831,    0.191381,
   -0.456662,    0.185352,
   -0.454580,    0.178891,
   -0.449576,    0.171993,
   -0.441689,    0.164667,
   -0.431003,    0.156927,
   -0.417640,    0.148797,
   -0.401759,    0.140313,
   -0.383594,    0.131522,
   -0.363363,    0.122483,
   -0.341351,    0.113266,
   -0.317869,    0.103958,
   -0.293268,    0.094650,
   -0.267914,    0.085461,
   -0.242191,    0.076496,
   -0.216490,    0.067864,
   -0.191211,    0.059670,
   -0.166747,    0.051995,
   -0.143471,    0.044896,
   -0.121738,    0.038401,
   -0.101855,    0.032508,
   -0.084089,    0.027183,
   -0.068637,    0.022349,
   -0.055625,    0.017868,
   -0.045090,    0.013554,
   -0.036967,    0.009142,
   -0.031080,    0.004299,
   -0.027122,   -0.001401,
   -0.024651,   -0.008484,
   -0.023073,   -0.017586,
Kt = 
   -2.690572,   -0.325575,    4.107079,    0.000251,   -0.595139,   -0.114920,    3.020306,   -0.019395,   -0.292547,   -0.625108,    0.311621,    0.827906,   -0.059782,   -1.008642,    0.095525,    1.199581,
   -2.659429,   -0.314278,    4.077097,   -0.003319,   -0.591012,   -0.105447,    3.018372,   -0.013380,   -0.169321,   -0.678713,    0.188484,    0.772431,   -0.054084,   -1.008059,    0.089673,    1.199563,
   -2.635344,   -0.299020,    4.053647,   -0.005007,   -0.587913,   -0.096130,    3.016770,   -0.007542,   -0.062877,   -0.721094,    0.083088,    0.727273,   -0.043165,   -1.008826,    0.079605,    1.198045,
   -2.617918,   -0.280611,    4.036476,   -0.005245,   -0.585706,   -0.086984,    3.015566,   -0.001896,    0.027105,   -0.753962,   -0.005083,    0.690558,   -0.028068,   -1.010701,    0.066157,    1.195280,
   -2.606583,   -0.259879,    4.025147,   -0.004404,   -0.584257,   -0.078031,    3.014801,    0.003540,    0.101233,   -0.778940,   -0.076817,    0.660830,   -0.009764,   -1.013469,    0.050111,    1.191488,
   -2.600621,   -0.237618,    4.019052,   -0.002804,   -0.583426,   -0.069300,    3.014485,    0.008749,    0.160343,   -0.797529,   -0.133115,    0.636943,    0.010854,   -1.016940,    0.032186,    1.186860,
   -2.599246,   -0.214544,    4.017496,   -0.000709,   -0.583075,   -0.060823,    3.014596,    0.013708,    0.205411,   -0.811021,   -0.175107,    0.618047,    0.032971,   -1.020952,    0.013039,    1.181566,
   -2.601584,   -0.191274,    4.019673,    0.001650,   -0.583068,   -0.052638,    3.015089,    0.018394,    0.237532,   -0.820598,   -0.204024,    0.603399,    0.055855,   -1.025370,   -0.006740,    1.175759,
   -2.606746,   -0.168313,    4.024744,    0.004082,   -0.583275,   -0.044788,    3.015896,    0.022774,    0.257851,   -0.827270,   -0.221127,    0.592369,    0.078854,   -1.030083,   -0.026621,    1.169578,
   -2.613887,   -0.146045,    4.031895,    0.006437,   -0.583579,   -0.037306,    3.016933,    0.026828,    0.267523,   -0.831867,   -0.227676,    0.584419,    0.101400,   -1.035010,   -0.046142,    1.163139,
   -2.622237,   -0.124751,    4.040370,    0.008600,   -0.583872,   -0.030228,    3.018109,    0.030529,    0.267699,   -0.835048,   -0.224905,    0.579074,    0.123006,   -1.040088,   -0.064902,    1.156548,
   -2.631116,   -0.104616,    4.049492,    0.010488,   -0.584064,   -0.023577,    3.019328,    0.033858,    0.259510,   -0.837330,   -0.214014,    0.575898,    0.143263,   -1.045273,   -0.082562,    1.149890,
   -2.639956,   -0.085751,    4.058684,    0.012049,   -0.584079,   -0.017373,    3.020496,    0.036801,    0.244062,   -0.839093,   -0.196162,    0.574490,    0.161841,   -1.050539,   -0.098844,    1.143239,
   -2.648288,   -0.068213,    4.067460,    0.013254,   -0.583861,   -0.011633,    3.021522,    0.039344,    0.222425,   -0.840616,   -0.172458,    0.574472,    0.178480,   -1.055870,   -0.113526,    1.136649,
   -2.655746,   -0.052012,    4.075432,    0.014100,   -0.583367,   -0.006367,    3.022329,    0.041477,    0.195633,   -0.842089,   -0.143963,    0.575487,    0.192994,   -1.061261,   -0.126444,    1.130163,
   -2.662063,   -0.037133,    4.082305,    0.014595,   -0.582575,   -0.001581,    3.022847,    0.043197,    0.164680,   -0.843622,   -0.111684,    0.577214,    0.205256,   -1.066714,   -0.137486,    1.123806,
   -2.667053,   -0.023542,    4.087868,    0.014764,   -0.581478,    0.002726,    3.023023,    0.044506,    0.130514,   -0.845259,   -0.076574,    0.579372,    0.215200,   -1.072235,   -0.146589,    1.117593,
   -2.670599,   -0.011193,    4.091973,    0.014636,   -0.580085,    0.006556,    3.022818,    0.045405,    0.094034,   -0.847007,   -0.039531,    0.581708,    0.222816,   -1.077830,   -0.153735,    1.111526,
   -2.672640,   -0.000034,    4.094532,    0.014245,   -0.578417,    0.009915,    3.022208,    0.045902,    0.056083,   -0.848843,   -0.001385,    0.584011,    0.228135,   -1.083509,   -0.158946,    1.105600,
   -2.673161,    0.009989,    4.095504,    0.013625,   -0.576509,    0.012813,    3.021185,    0.046008,    0.017446,   -0.850714,    0.037096,    0.586116,    0.231232,   -1.089277,   -0.162279,    1.099799,
   -2.672187,    0.018935,    4.094891,    0.012810,   -0.574405,    0.015263,    3.019754,    0.045736,   -0.021156,   -0.852553,    0.075209,    0.587903,    0.232215,   -1.095141,   -0.163822,    1.094106,
   -2.669768,    0.026864,    4.092721,    0.011830,   -0.572158,    0.017279,    3.017934,    0.045101,   -0.059074,   -0.854297,    0.112331,    0.589287,    0.231220,   -1.101103,   -0.163687,    1.088498,
   -2.665972,    0.033842,    4.089046,    0.010711,   -0.569828,    0.018880,    3.015757,    0.044121,   -0.095728,   -0.855882,    0.147907,    0.590222,    0.228403,   -1.107163,   -0.162005,    1.082950,
   -2.660887,    0.039936,    4.083939,    0.009476,   -0.567478,    0.020085,    3.013266,    0.042815,   -0.130609,   -0.857254,    0.181457,    0.590694,    0.223936,   -1.113317,   -0.158923,    1.077438,
   -2.654613,    0.045221,    4.077492,    0.008147,   -0.565175,    0.020920,    3.010512,    0.041206,   -0.163287,   -0.858369,    0.212581,    0.590716,    0.218003,   -1.119559,   -0.154598,    1.071939,
   -2.647258,    0.049772,    4.069807,    0.006739,   -0.562985,    0.021406,    3.007556,    0.039312,   -0.193413,   -0.859201,    0.240958,    0.590322,    0.210792,   -1.125882,   -0.149190,    1.066432,
   -2.638942,    0.053669,    4.061002,    0.005266,   -0.560973,    0.021569,    3.004462,    0.037155,   -0.220708,   -0.859735,    0.266340,    0.589563,    0.202493,   -1.132275,   -0.142865,    1.060900,
   -2.629796,    0.056996,    4.051209,    0.003743,   -0.559201,    0.021438,    3.001300,    0.034758,   -0.244968,   -0.859969,    0.288551,    0.588502,    0.193294,   -1.138726,   -0.135783,    1.055327,
   -2.619958,    0.059841,    4.040573,    0.002182,   -0.557728,    0.021042,    2.998143,    0.032144,   -0.266058,   -0.859913,    0.307486,    0.587208,    0.183379,   -1.145223,   -0.128102,    1.049705,
   -2.609580,    0.062288,    4.029255,    0.000596,   -0.556604,    0.020413,    2.995065,    0.029337,   -0.283908,   -0.859587,    0.323101,    0.585753,    0.172923,   -1.151750,   -0.119974,    1.044027,
   -2.598825,    0.064423,    4.017431,   -0.001003,   -0.555874,    0.019580,    2.992136,    0.026359,   -0.298508,   -0.859015,    0.335413,    0.584208,    0.162093,   -1.158293,   -0.111540,    1.038291,
   -2.587867,    0.066331,    4.005293,   -0.002603,   -0.555571,    0.018575,    2.989425,    0.023235,   -0.309906,   -0.858223,    0.344492,    0.582647,    0.151044,   -1.164840,   -0.102933,    1.032498,
   -2.576892,    0.068092,    3.993046,   -0.004190,   -0.555722,    0.017427,    2.986998,    0.019984,   -0.318200,   -0.857240,    0.350462,    0.581131,    0.139919,   -1.171374,   -0.094273,    1.026654,
   -2.566088,    0.069784,    3.980902,   -0.005752,   -0.556340,    0.016167,    2.984913,    0.016632,   -0.323533,   -0.856102,    0.353486,    0.579716,    0.128849,   -1.177884,   -0.085671,    1.020766,
   -2.555652,    0.071479,    3.969083,   -0.007275,   -0.557430,    0.014826,    2.983222,    0.013201,   -0.326080,   -0.854841,    0.353758,    0.578441,    0.117951,   -1.184355,   -0.077223,    1.014845,
   -2.545785,    0.073245,    3.957815,   -0.008745,   -0.558984,    0.013432,    2.981969,    0.009713,   -0.326046,   -0.853488,    0.351499,    0.577342,    0.107328,   -1.190776,   -0.069014,    1.008902,
   -2.536685,    0.075142,    3.947329,   -0.010153,   -0.560983,    0.012009,    2.981188,    0.006188,   -0.323660,   -0.852068,    0.346955,    0.576448,    0.097069,   -1.197137,   -0.061119,    1.002951,
   -2.528550,    0.077225,    3.937849,   -0.011483,   -0.563397,    0.010587,    2.980902,    0.002650,   -0.319174,   -0.850602,    0.340390,    0.575776,    0.087252,   -1.203430,   -0.053598,    0.997003,
   -2.521566,    0.079541,    3.929595,   -0.012726,   -0.566186,    0.009184,    2.981127,   -0.000883,   -0.312847,   -0.849106,    0.332073,    0.575337,    0.077937,   -1.209641,   -0.046501,    0.991078,
   -2.515906,    0.082130,    3.922771,   -0.013873,   -0.569298,    0.007823,    2.981863,   -0.004392,   -0.304940,   -0.847594,    0.322274,    0.575135,    0.069175,   -1.215765,   -0.039868,    0.985187,
   -2.511727,    0.085025,    3.917561,   -0.014914,   -0.572674,    0.006524,    2.983101,   -0.007857,   -0.295712,   -0.846077,    0.311259,    0.575166,    0.061002,   -1.221795,   -0.033727,    0.979345,
   -2.509162,    0.088253,    3.914128,   -0.015843,   -0.576247,    0.005300,    2.984821,   -0.011263,   -0.285422,   -0.844558,    0.299289,    0.575424,    0.053443,   -1.227725,   -0.028098,    0.973566,
   -2.508317,    0.091832,    3.912606,   -0.016653,   -0.579941,    0.004170,    2.986991,   -0.014591,   -0.274322,   -0.843036,    0.286621,    0.575904,    0.046512,   -1.233549,   -0.022990,    0.967861,
   -2.509269,    0.095775,    3.913095,   -0.017339,   -0.583675,    0.003146,    2.989565,   -0.017825,   -0.262653,   -0.841507,    0.273493,    0.576596,    0.040211,   -1.239263,   -0.018405,    0.962244,
   -2.512057,    0.100087,    3.915657,   -0.017898,   -0.587367,    0.002242,    2.992491,   -0.020948,   -0.250634,   -0.839964,    0.260125,    0.577490,    0.034533,   -1.244863,   -0.014336,    0.956725,
   -2.516686,    0.104766,    3.920311,   -0.018327,   -0.590928,    0.001466,    2.995705,   -0.023948,   -0.238468,   -0.838398,    0.246714,    0.578575,    0.029461,   -1.250344,   -0.010770,    0.951313,
   -2.523115,    0.109805,    3.927032,   -0.018625,   -0.594271,    0.000827,    2.999132,   -0.026811,   -0.226340,   -0.836800,    0.233442,    0.579841,    0.024971,   -1.255703,   -0.007686,    0.946018,
   -2.531266,    0.115190,    3.935747,   -0.018792,   -0.597309,    0.000335,    3.002691,   -0.029521,   -0.214419,   -0.835157,    0.220471,    0.581279,    0.021030,   -1.260936,   -0.005060,    0.940848,
   -2.541014,    0.120900,    3.946334,   -0.018827,   -0.599961,   -0.000006,    3.006295,   -0.032070,   -0.202852,   -0.833458,    0.207942,    0.582883,    0.017602,   -1.266039,   -0.002861,    0.935810,
   -2.552191,    0.126911,    3.958623,   -0.018733,   -0.602146,   -0.000193,    3.009850,   -0.034448,   -0.191765,   -0.831691,    0.195971,    0.584643,    0.014643,   -1.271008,   -0.001053,    0.930910,
   -2.564586,    0.133195,    3.972391,   -0.018510,   -0.603794,   -0.000212,    3.013260,   -0.036637,   -0.181261,   -0.829845,    0.184654,    0.586555,    0.012106,   -1.275841,    0.000400,    0.926155,
   -2.577948,    0.139717,    3.987372,   -0.018162,   -0.604843,   -0.000065,    3.016427,   -0.038631,   -0.171423,   -0.827912,    0.174064,    0.588610,    0.009942,   -1.280533,    0.001539,    0.921549,
   -2.591988,    0.146439,    4.003254,   -0.017691,   -0.605240,    0.000258,    3.019253,   -0.040417,   -0.162318,   -0.825883,    0.164261,    0.590806,    0.008098,   -1.285081,    0.002406,    0.917097,
   -2.606386,    0.153320,    4.019688,   -0.017100,   -0.604945,    0.000757,    3.021642,   -0.041987,   -0.153996,   -0.823750,    0.155284,    0.593137,    0.006523,   -1.289480,    0.003045,    0.912803,
   -2.620793,    0.160315,    4.036288,   -0.016395,   -0.603933,    0.001437,    3.023503,   -0.043332,   -0.146486,   -0.821507,    0.147155,    0.595600,    0.005165,   -1.293727,    0.003498,    0.908672,
   -2.634839,    0.167379,    4.052645,   -0.015579,   -0.602193,    0.002301,    3.024754,   -0.044445,   -0.139804,   -0.819150,    0.139881,    0.598191,    0.003971,   -1.297816,    0.003808,    0.904706,
   -2.648140,    0.174463,    4.068327,   -0.014659,   -0.599730,    0.003353,    3.025318,   -0.045317,   -0.133944,   -0.816676,    0.133450,    0.600904,    0.002895,   -1.301744,    0.004016,    0.900910,
   -2.660309,    0.181518,    4.082896,   -0.013639,   -0.596567,    0.004594,    3.025133,   -0.045944,   -0.128893,   -0.814085,    0.127841,    0.603736,    0.001887,   -1.305507,    0.004162,    0.897287,
   -2.670962,    0.188494,    4.095913,   -0.012526,   -0.592742,    0.006029,    3.024149,   -0.046319,   -0.124624,   -0.811377,    0.123021,    0.606683,    0.000907,   -1.309100,    0.004283,    0.893840,
   -2.679730,    0.195343,    4.106951,   -0.011327,   -0.588314,    0.007659,    3.022330,   -0.046437,   -0.121100,   -0.808551,    0.118947,    0.609741,   -0.000086,   -1.312517,    0.004412,    0.890573,
   -2.686267,    0.202014,    4.115606,   -0.010049,   -0.583356,    0.009485,    3.019659,   -0.046297,   -0.118271,   -0.805610,    0.115563,    0.612904,   -0.001129,   -1.315756,    0.004580,    0.887489,
   -2.690263,    0.208461,    4.121507,   -0.008698,   -0.577957,    0.011512,    3.016135,   -0.045894,   -0.116074,   -0.802556,    0.112805,    0.616170,   -0.002251,   -1.318810,    0.004814,    0.884591,
   -2.691450,    0.214639,    4.124329,   -0.007285,   -0.572221,    0.013736,    3.011779,   -0.045231,   -0.114440,   -0.799396,    0.110597,    0.619532,   -0.003480,   -1.321676,    0.005138,    0.881882,
   -2.689615,    0.220506,    4.123802,   -0.005815,   -0.566266,    0.016165,    3.006629,   -0.044304,   -0.113294,   -0.796132,    0.108864,    0.622985,   -0.004839,   -1.324349,    0.005570,    0.879366,
   -2.684607,    0.226023,    4.119725,   -0.004298,   -0.560217,    0.018793,    3.000744,   -0.043121,   -0.112559,   -0.792772,    0.107523,    0.626525,   -0.006345,   -1.326824,    0.006126,    0.877047,
   -2.676344,    0.231156,    4.111970,   -0.002744,   -0.554211,    0.021625,    2.994200,   -0.041680,   -0.112151,   -0.789322,    0.106489,    0.630146,   -0.008014,   -1.329098,    0.006818,    0.874926,
   -2.664822,    0.235875,    4.100493,   -0.001161,   -0.548385,    0.024654,    2.987095,   -0.039992,   -0.111983,   -0.785789,    0.105675,    0.633844,   -0.009855,   -1.331165,    0.007653,    0.873008,
   -2.650113,    0.240157,    4.085337,    0.000442,   -0.542879,    0.027882,    2.979540,   -0.038060,   -0.111966,   -0.782181,    0.104988,    0.637614,   -0.011875,   -1.333023,    0.008636,    0.871296,
   -2.632374,    0.243984,    4.066637,    0.002054,   -0.537830,    0.031302,    2.971659,   -0.035897,   -0.112010,   -0.778504,    0.104338,    0.641453,   -0.014077,   -1.334667,    0.009769,    0.869791,
   -2.611842,    0.247346,    4.044621,    0.003667,   -0.533367,    0.034916,    2.963591,   -0.033509,   -0.112033,   -0.774765,    0.103641,    0.645359,   -0.016461,   -1.336094,    0.011050,    0.868499,
   -2.588833,    0.250237,    4.019606,    0.005270,   -0.529611,    0.038708,    2.955480,   -0.030913,   -0.111952,   -0.770968,    0.102816,    0.649333,   -0.019026,   -1.337300,    0.012477,    0.867420,
   -2.563739,    0.252662,    3.991996,    0.006854,   -0.526666,    0.042679,    2.947475,   -0.028119,   -0.111693,   -0.767121,    0.101788,    0.653373,   -0.021765,   -1.338284,    0.014043,    0.866557,
   -2.537014,    0.254629,    3.962270,    0.008410,   -0.524620,    0.046812,    2.939724,   -0.025146,   -0.111188,   -0.763229,    0.100488,    0.657478,   -0.024670,   -1.339042,    0.015742,    0.865914,
   -2.509171,    0.256157,    3.930978,    0.009930,   -0.523537,    0.051100,    2.932374,   -0.022007,   -0.110377,   -0.759301,    0.098859,    0.661646,   -0.027734,   -1.339572,    0.017565,    0.865492,
   -2.480766,    0.257269,    3.898722,    0.011404,   -0.523462,    0.055527,    2.925562,   -0.018722,   -0.109208,   -0.755347,    0.096849,    0.665873,   -0.030944,   -1.339872,    0.019502,    0.865292,
   -2.452387,    0.257994,    3.866149,    0.012825,   -0.524411,    0.060077,    2.919414,   -0.015307,   -0.107640,   -0.751375,    0.094420,    0.670156,   -0.034288,   -1.339942,    0.021543,    0.865317,
   -2.424637,    0.258367,    3.833927,    0.014186,   -0.526375,    0.064733,    2.914038,   -0.011780,   -0.105639,   -0.747397,    0.091539,    0.674491,   -0.037752,   -1.339781,    0.023677,    0.865567,
   -2.398122,    0.258427,    3.802739,    0.015480,   -0.529316,    0.069475,    2.909527,   -0.008163,   -0.103179,   -0.743419,    0.088185,    0.678875,   -0.041318,   -1.339390,    0.025892,    0.866044,
   -2.373435,    0.258215,    3.773255,    0.016702,   -0.533169,    0.074280,    2.905948,   -0.004471,   -0.100245,   -0.739447,    0.084343,    0.683308,   -0.044972,   -1.338768,    0.028176,    0.866746,
   -2.351137,    0.257773,    3.746124,    0.017845,   -0.537843,    0.079123,    2.903344,   -0.000727,   -0.096829,   -0.735484,    0.080014,    0.687791,   -0.048694,   -1.337917,    0.030516,    0.867675,
   -2.331744,    0.257145,    3.721946,    0.018906,   -0.543218,    0.083980,    2.901732,    0.003053,   -0.092935,   -0.731534,    0.075203,    0.692325,   -0.052466,   -1.336838,    0.032900,    0.868830,
   -2.315709,    0.256372,    3.701264,    0.019880,   -0.549155,    0.088820,    2.901101,    0.006849,   -0.088573,   -0.727597,    0.069926,    0.696911,   -0.056269,   -1.335534,    0.035313,    0.870210,
   -2.303410,    0.255492,    3.684541,    0.020764,   -0.555490,    0.093614,    2.901409,    0.010641,   -0.083760,   -0.723676,    0.064203,    0.701549,   -0.060081,   -1.334007,    0.037744,    0.871815,
   -2.295135,    0.254538,    3.672147,    0.021555,   -0.562045,    0.098329,    2.902587,    0.014413,   -0.078513,   -0.719774,    0.058059,    0.706239,   -0.063884,   -1.332260,    0.040177,    0.873642,
   -2.291071,    0.253537,    3.664346,    0.022252,   -0.568626,    0.102935,    2.904538,    0.018147,   -0.072853,   -0.715896,    0.051519,    0.710975,   -0.067657,   -1.330296,    0.042601,    0.875692,
   -2.291299,    0.252509,    3.661286,    0.022852,   -0.575032,    0.107397,    2.907139,    0.021825,   -0.066807,   -0.712048,    0.044615,    0.715752,   -0.071381,   -1.328120,    0.045002,    0.877960,
   -2.295781,    0.251466,    3.662992,    0.023356,   -0.581056,    0.111681,    2.910243,    0.025430,   -0.060405,   -0.708233,    0.037380,    0.720566,   -0.075037,   -1.325734,    0.047365,    0.880446,
   -2.304364,    0.250407,    3.669357,    0.023762,   -0.586492,    0.115752,    2.913682,    0.028947,   -0.053676,   -0.704454,    0.029850,    0.725414,   -0.078608,   -1.323145,    0.049680,    0.883146,
   -2.316769,    0.249324,    3.680140,    0.024071,   -0.591143,    0.119576,    2.917270,    0.032358,   -0.046649,   -0.700715,    0.022056,    0.730288,   -0.082076,   -1.320356,    0.051933,    0.886058,
   -2.332600,    0.248197,    3.694969,    0.024282,   -0.594818,    0.123120,    2.920810,    0.035648,   -0.039349,   -0.697021,    0.014026,    0.735183,   -0.085428,   -1.317372,    0.054115,    0.889177,
   -2.351341,    0.246996,    3.713338,    0.024398,   -0.597348,    0.126351,    2.924095,    0.038801,   -0.031804,   -0.693375,    0.005793,    0.740093,   -0.088651,   -1.314198,    0.056214,    0.892500,
   -2.372369,    0.245678,    3.734618,    0.024417,   -0.598584,    0.129239,    2.926916,    0.041802,   -0.024041,   -0.689780,   -0.002615,    0.745010,   -0.091734,   -1.310839,    0.058222,    0.896023,
   -2.394960,    0.244194,    3.758066,    0.024343,   -0.598404,    0.131755,    2.929067,    0.044635,   -0.016088,   -0.686239,   -0.011170,    0.749929,   -0.094670,   -1.307301,    0.060133,    0.899742,
   -2.418305,    0.242484,    3.782839,    0.024176,   -0.596719,    0.133872,    2.930351,    0.047287,   -0.007967,   -0.682756,   -0.019846,    0.754843,   -0.097452,   -1.303589,    0.061941,    0.903651,
   -2.441522,    0.240481,    3.808008,    0.023918,   -0.593478,    0.135569,    2.930586,    0.049743,    0.000296,   -0.679334,   -0.028619,    0.759743,   -0.100079,   -1.299707,    0.063644,    0.907747,
   -2.463681,    0.238114,    3.832579,    0.023572,   -0.588670,    0.136825,    2.929614,    0.051989,    0.008674,   -0.675978,   -0.037461,    0.764621,   -0.102548,   -1.295661,    0.065239,    0.912023,
   -2.483824,    0.235308,    3.855525,    0.023142,   -0.582329,    0.137626,    2.927303,    0.054013,    0.017138,   -0.672689,   -0.046342,    0.769469,   -0.104862,   -1.291455,    0.066729,    0.916475,
   -2.500996,    0.231988,    3.875806,    0.022630,   -0.574534,    0.137962,    2.923557,    0.055803,    0.025653,   -0.669468,   -0.055229,    0.774281,   -0.107024,   -1.287094,    0.068116,    0.921097,
   -2.514266,    0.228082,    3.892401,    0.022039,   -0.565411,    0.137828,    2.918318,    0.057349,    0.034186,   -0.666315,   -0.064089,    0.779052,   -0.109040,   -1.282583,    0.069406,    0.925882,
   -2.522764,    0.223524,    3.904344,    0.021376,   -0.555133,    0.137223,    2.911576,    0.058641,    0.042700,   -0.663231,   -0.072884,    0.783775,   -0.110916,   -1.277927,    0.070606,    0.930825,
   -2.525705,    0.218254,    3.910755,    0.020644,   -0.543918,    0.136153,    2.903366,    0.059672,    0.051153,   -0.660217,   -0.081572,    0.788442,   -0.112660,   -1.273129,    0.071726,    0.935920,
   -2.522424,    0.212227,    3.910870,    0.019850,   -0.532023,    0.134630,    2.893777,    0.060437,    0.059497,   -0.657274,   -0.090107,    0.793044,   -0.114280,   -1.268195,    0.072776,    0.941159,
   -2.512402,    0.205408,    3.904082,    0.019000,   -0.519743,    0.132669,    2.882947,    0.060933,    0.067681,   -0.654406,   -0.098434,    0.797570,   -0.115784,   -1.263128,    0.073766,    0.946538,
   -2.495299,    0.197781,    3.889964,    0.018103,   -0.507400,    0.130293,    2.871067,    0.061160,    0.075648,   -0.651611,   -0.106498,    0.802014,   -0.117179,   -1.257933,    0.074710,    0.952047,
   -2.470973,    0.189347,    3.868305,    0.017165,   -0.495338,    0.127528,    2.858374,    0.061119,    0.083339,   -0.648891,   -0.114235,    0.806368,   -0.118470,   -1.252615,    0.075618,    0.957681,
   -2.439496,    0.180127,    3.839119,    0.016195,   -0.483907,    0.124404,    2.845151,    0.060815,    0.090691,   -0.646243,   -0.121581,    0.810623,   -0.119663,   -1.247178,    0.076501,    0.963431,
   -2.401162,    0.170161,    3.802663,    0.015202,   -0.473463,    0.120955,    2.831715,    0.060257,    0.097639,   -0.643667,   -0.128468,    0.814773,   -0.120759,   -1.241628,    0.077370,    0.969291,
   -2.356498,    0.159507,    3.759444,    0.014195,   -0.464344,    0.117217,    2.818413,    0.059453,    0.104122,   -0.641164,   -0.134832,    0.818810,   -0.121759,   -1.235968,    0.078233,    0.975251,
   -2.306253,    0.148244,    3.710215,    0.013184,   -0.456868,    0.113228,    2.805609,    0.058417,    0.110082,   -0.638733,   -0.140609,    0.822726,   -0.122659,   -1.230206,    0.079095,    0.981304,
   -2.251388,    0.136464,    3.655965,    0.012177,   -0.451319,    0.109026,    2.793676,    0.057163,    0.115461,   -0.636375,   -0.145740,    0.826513,   -0.123456,   -1.224345,    0.079961,    0.987441,
   -2.193049,    0.124274,    3.597888,    0.011183,   -0.447932,    0.104648,    2.782983,    0.055708,    0.120210,   -0.634091,   -0.150170,    0.830163,   -0.124141,   -1.218393,    0.080832,    0.993654,
   -2.132546,    0.111793,    3.537366,    0.010211,   -0.446893,    0.100131,    2.773881,    0.054069,    0.124286,   -0.631880,   -0.153852,    0.833672,   -0.124704,   -1.212354,    0.081704,    0.999932,
   -2.071317,    0.099142,    3.475931,    0.009268,   -0.448321,    0.095507,    2.766695,    0.052266,    0.127656,   -0.629743,   -0.156752,    0.837032,   -0.125135,   -1.206235,    0.082575,    1.006266,
   -2.010883,    0.086450,    3.415214,    0.008361,   -0.452270,    0.090807,    2.761709,    0.050317,    0.130303,   -0.627683,   -0.158848,    0.840237,   -0.125418,   -1.200043,    0.083434,    1.012646,
   -1.952809,    0.073840,    3.356909,    0.007495,   -0.458724,    0.086057,    2.759162,    0.048242,    0.132217,   -0.625702,   -0.160129,    0.843282,   -0.125540,   -1.193784,    0.084272,    1.019063,
   -1.898662,    0.061434,    3.302719,    0.006677,   -0.467593,    0.081279,    2.759234,    0.046058,    0.133401,   -0.623803,   -0.160599,    0.846160,   -0.125486,   -1.187465,    0.085076,    1.025505,
   -1.849960,    0.049341,    3.254312,    0.005908,   -0.478716,    0.076490,    2.762041,    0.043785,    0.133871,   -0.621988,   -0.160270,    0.848867,   -0.125240,   -1.181092,    0.085829,    1.031962,
   -1.808133,    0.037663,    3.213267,    0.005192,   -0.491862,    0.071703,    2.767629,    0.041437,    0.133654,   -0.620260,   -0.159174,    0.851398,   -0.124788,   -1.174672,    0.086515,    1.038422,
   -1.774483,    0.026483,    3.181033,    0.004530,   -0.506738,    0.066926,    2.775974,    0.039030,    0.132793,   -0.618622,   -0.157356,    0.853750,   -0.124116,   -1.168211,    0.087116,    1.044874,
   -1.750142,    0.015871,    3.158887,    0.003921,   -0.522993,    0.062162,    2.786978,    0.036576,    0.131341,   -0.617080,   -0.154872,    0.855917,   -0.123213,   -1.161715,    0.087614,    1.051307,
   -1.736044,    0.005876,    3.147895,    0.003365,   -0.540225,    0.057412,    2.800471,    0.034085,    0.129364,   -0.615636,   -0.151795,    0.857897,   -0.122070,   -1.155191,    0.087990,    1.057709,
   -1.732890,   -0.003468,    3.148874,    0.002859,   -0.557990,    0.052672,    2.816211,    0.031567,    0.126935,   -0.614294,   -0.148204,    0.859683,   -0.120680,   -1.148645,    0.088225,    1.064069,
   -1.741128,   -0.012150,    3.162371,    0.002399,   -0.575814,    0.047938,    2.833888,    0.029027,    0.124137,   -0.613059,   -0.144191,    0.861273,   -0.119040,   -1.142081,    0.088304,    1.070373,
   -1.760931,   -0.020172,    3.188632,    0.001982,   -0.593201,    0.043201,    2.853131,    0.026471,    0.121059,   -0.611933,   -0.139853,    0.862663,   -0.117149,   -1.135505,    0.088210,    1.076610,
   -1.792187,   -0.027556,    3.227591,    0.001603,   -0.609643,    0.038453,    2.873512,    0.023901,    0.117794,   -0.610918,   -0.135294,    0.863849,   -0.115011,   -1.128922,    0.087931,    1.082768,
   -1.834483,   -0.034339,    3.278852,    0.001255,   -0.624635,    0.033686,    2.894553,    0.021317,    0.114435,   -0.610015,   -0.130617,    0.864829,   -0.112632,   -1.122336,    0.087457,    1.088834,
   -1.887106,   -0.040571,    3.341678,    0.000932,   -0.637683,    0.028892,    2.915736,    0.018721,    0.111075,   -0.609225,   -0.125929,    0.865598,   -0.110024,   -1.115751,    0.086780,    1.094797,
   -1.949039,   -0.046311,    3.414997,    0.000629,   -0.648320,    0.024063,    2.936511,    0.016112,    0.107806,   -0.608545,   -0.121334,    0.866155,   -0.107202,   -1.109170,    0.085896,    1.100644,
   -2.018969,   -0.051628,    3.497398,    0.000339,   -0.656114,    0.019196,    2.956307,    0.013488,    0.104714,   -0.607972,   -0.116928,    0.866498,   -0.104182,   -1.102597,    0.084805,    1.106364,
   -2.095302,   -0.056594,    3.587142,    0.000054,   -0.660685,    0.014287,    2.974545,    0.010849,    0.101879,   -0.607503,   -0.112806,    0.866624,   -0.100987,   -1.096033,    0.083510,    1.111943,
   -2.176177,   -0.061285,    3.682189,   -0.000231,   -0.661717,    0.009338,    2.990652,    0.008194,    0.099371,   -0.607130,   -0.109048,    0.866531,   -0.097642,   -1.089481,    0.082019,    1.117370,
   -2.259502,   -0.065773,    3.780218,   -0.000522,   -0.658970,    0.004353,    3.004074,    0.005523,    0.097251,   -0.606848,   -0.105728,    0.866216,   -0.094175,   -1.082943,    0.080343,    1.122633,
   -2.342989,   -0.070129,    3.878670,   -0.000826,   -0.652294,   -0.000660,    3.014292,    0.002839,    0.095564,   -0.606649,   -0.102901,    0.865676,   -0.090615,   -1.076420,    0.078499,    1.127720,
   -2.424203,   -0.074412,    3.974800,   -0.001146,   -0.641640,   -0.005689,    3.020843,    0.000145,    0.094342,   -0.606525,   -0.100608,    0.864906,   -0.086994,   -1.069913,    0.076506,    1.132620,
   -2.500621,   -0.078675,    4.065738,   -0.001488,   -0.627071,   -0.010719,    3.023334,   -0.002553,    0.093602,   -0.606467,   -0.098872,    0.863901,   -0.083344,   -1.063423,    0.074388,    1.137320,
   -2.569705,   -0.082956,    4.148570,   -0.001853,   -0.608769,   -0.015730,    3.021461,   -0.005245,    0.093342,   -0.606464,   -0.097699,    0.862657,   -0.079697,   -1.056950,    0.072169,    1.141810,
   -2.628986,   -0.087277,    4.220429,   -0.002244,   -0.587042,   -0.020701,    3.015029,   -0.007922,    0.093545,   -0.606504,   -0.097072,    0.861170,   -0.076087,   -1.050495,    0.069880,    1.146076,
   -2.676151,   -0.091647,    4.278590,   -0.002661,   -0.562322,   -0.025606,    3.003963,   -0.010569,    0.094174,   -0.606574,   -0.096956,    0.859433,   -0.072541,   -1.044058,    0.067550,    1.150108,
   -2.709138,   -0.096058,    4.320581,   -0.003103,   -0.535163,   -0.030421,    2.988326,   -0.013170,    0.095176,   -0.606660,   -0.097298,    0.857444,   -0.069087,   -1.037639,    0.065211,    1.153894,
   -2.726237,   -0.100485,    4.344294,   -0.003568,   -0.506230,   -0.035118,    2.968325,   -0.015706,    0.096482,   -0.606748,   -0.098022,    0.855195,   -0.065748,   -1.031237,    0.062893,    1.157422,
   -2.726176,   -0.104889,    4.348088,   -0.004052,   -0.476284,   -0.039672,    2.944312,   -0.018155,    0.098010,   -0.606823,   -0.099039,    0.852681,   -0.062542,   -1.024853,    0.060626,    1.160681,
   -2.708208,   -0.109222,    4.330890,   -0.004549,   -0.446160,   -0.044058,    2.916787,   -0.020497,    0.099665,   -0.606871,   -0.100245,    0.849893,   -0.059481,   -1.018487,    0.058436,    1.163659,
   -2.672176,   -0.113423,    4.292272,   -0.005054,   -0.416738,   -0.048254,    2.886384,   -0.022707,    0.101350,   -0.606877,   -0.101529,    0.846823,   -0.056571,   -1.012137,    0.056348,    1.166344,
   -2.618558,   -0.117431,    4.232511,   -0.005560,   -0.388915,   -0.052243,    2.853852,   -0.024763,    0.102961,   -0.606828,   -0.102776,    0.843463,   -0.053813,   -1.005803,    0.054380,    1.168726,
   -2.548479,   -0.121184,    4.152613,   -0.006058,   -0.363566,   -0.056012,    2.820037,   -0.026644,    0.104399,   -0.606708,   -0.103869,    0.839805,   -0.051197,   -0.999485,    0.052545,    1.170792,
   -2.463702,   -0.124622,    4.054305,   -0.006539,   -0.341510,   -0.059551,    2.785845,   -0.028329,    0.105568,   -0.606501,   -0.104696,    0.835840,   -0.048709,   -0.993181,    0.050850,    1.172532,
   -2.366582,   -0.127698,    3.939998,   -0.006996,   -0.323474,   -0.062857,    2.752214,   -0.029800,    0.106382,   -0.606192,   -0.105154,    0.831559,   -0.046329,   -0.986892,    0.049294,    1.173935,
   -2.259982,   -0.130381,    3.812701,   -0.007421,   -0.310065,   -0.065933,    2.720071,   -0.031043,    0.106768,   -0.605764,   -0.105154,    0.826952,   -0.044028,   -0.980615,    0.047871,    1.174989,
   -2.147184,   -0.132652,    3.675922,   -0.007804,   -0.301739,   -0.068783,    2.690299,   -0.032048,    0.106669,   -0.605204,   -0.104624,    0.822007,   -0.041775,   -0.974350,    0.046567,    1.175685,
   -2.031770,   -0.134518,    3.533545,   -0.008141,   -0.298782,   -0.071417,    2.663700,   -0.032809,    0.106046,   -0.604496,   -0.103511,    0.816714,   -0.039533,   -0.968095,    0.045360,    1.176012,
   -1.917485,   -0.136004,    3.389676,   -0.008424,   -0.301298,   -0.073848,    2.640959,   -0.033324,    0.104882,   -0.603623,   -0.101784,    0.811060,   -0.037262,   -0.961848,    0.044224,    1.175962,
   -1.808101,   -0.137160,    3.248499,   -0.008649,   -0.309206,   -0.076090,    2.622626,   -0.033596,    0.103181,   -0.602570,   -0.099438,    0.805033,   -0.034923,   -0.955608,    0.043129,    1.175524,
   -1.707294,   -0.138055,    3.114128,   -0.008814,   -0.322243,   -0.078155,    2.609091,   -0.033630,    0.100968,   -0.601318,   -0.096490,    0.798623,   -0.032474,   -0.949373,    0.042037,    1.174693,
   -1.618519,   -0.138777,    2.990473,   -0.008916,   -0.339972,   -0.080054,    2.600570,   -0.033437,    0.098292,   -0.599849,   -0.092984,    0.791818,   -0.029876,   -0.943142,    0.040910,    1.173459,
   -1.544901,   -0.139430,    2.881110,   -0.008954,   -0.361798,   -0.081796,    2.597102,   -0.033031,    0.095216,   -0.598142,   -0.088981,    0.784606,   -0.027090,   -0.936913,    0.039706,    1.171817,
   -1.489142,   -0.140133,    2.789182,   -0.008931,   -0.386986,   -0.083385,    2.598543,   -0.032428,    0.091819,   -0.596178,   -0.084562,    0.776975,   -0.024083,   -0.930684,    0.038386,    1.169762,
   -1.453460,   -0.141007,    2.717312,   -0.008848,   -0.414686,   -0.084819,    2.604576,   -0.031645,    0.088198,   -0.593935,   -0.079825,    0.768914,   -0.020826,   -0.924455,    0.036908,    1.167291,
   -1.439530,   -0.142180,    2.667548,   -0.008709,   -0.443954,   -0.086090,    2.614716,   -0.030702,    0.084456,   -0.591392,   -0.074881,    0.760412,   -0.017293,   -0.918226,    0.035233,    1.164399,
   -1.448446,   -0.143775,    2.641308,   -0.008517,   -0.473775,   -0.087183,    2.628327,   -0.029621,    0.080708,   -0.588525,   -0.069853,    0.751457,   -0.013469,   -0.911996,    0.033327,    1.161087,
   -1.480691,   -0.145905,    2.639344,   -0.008279,   -0.503087,   -0.088075,    2.644625,   -0.028421,    0.077065,   -0.585311,   -0.064864,    0.742038,   -0.009345,   -0.905768,    0.031159,    1.157354,
   -1.536119,   -0.148671,    2.661727,   -0.007998,   -0.530806,   -0.088736,    2.662704,   -0.027123,    0.073638,   -0.581725,   -0.060037,    0.732148,   -0.004918,   -0.899544,    0.028707,    1.153203,
   -1.613970,   -0.152150,    2.707854,   -0.007682,   -0.555846,   -0.089131,    2.681550,   -0.025747,    0.070529,   -0.577740,   -0.055490,    0.721779,   -0.000197,   -0.893327,    0.025954,    1.148638,
   -1.712843,   -0.156394,    2.776419,   -0.007336,   -0.577141,   -0.089215,    2.700055,   -0.024313,    0.067835,   -0.573329,   -0.051336,    0.710927,    0.004799,   -0.887124,    0.022894,    1.143665,
   -1.830707,   -0.161422,    2.865431,   -0.006965,   -0.593672,   -0.088944,    2.717040,   -0.022839,    0.065637,   -0.568464,   -0.047675,    0.699589,    0.010044,   -0.880940,    0.019531,    1.138292,
   -1.964917,   -0.167215,    2.972224,   -0.006576,   -0.604488,   -0.088264,    2.731274,   -0.021341,    0.064003,   -0.563121,   -0.044593,    0.687761,    0.015502,   -0.874786,    0.015878,    1.132530,
   -2.112222,   -0.173708,    3.093475,   -0.006175,   -0.608731,   -0.087126,    2.741504,   -0.019835,    0.062976,   -0.557276,   -0.042153,    0.675442,    0.021126,   -0.868673,    0.011960,    1.126391,
   -2.268804,   -0.180792,    3.225237,   -0.005766,   -0.605669,   -0.085479,    2.746476,   -0.018333,    0.062577,   -0.550908,   -0.040392,    0.662628,    0.026867,   -0.862614,    0.007815,    1.119892,
   -2.430318,   -0.188306,    3.362994,   -0.005354,   -0.594722,   -0.083279,    2.744976,   -0.016848,    0.062776,   -0.544000,   -0.039300,    0.649320,    0.032668,   -0.856624,    0.003489,    1.113050,
   -2.591966,   -0.196040,    3.501732,   -0.004945,   -0.575493,   -0.080489,    2.735863,   -0.015391,    0.063502,   -0.536537,   -0.038820,    0.635519,    0.038467,   -0.850723,   -0.000961,    1.105887,
   -2.748584,   -0.203732,    3.636039,   -0.004541,   -0.547806,   -0.077084,    2.718115,   -0.013968,    0.064647,   -0.528509,   -0.038860,    0.621230,    0.044204,   -0.844931,   -0.005471,    1.098425,
   -2.894777,   -0.211082,    3.760241,   -0.004145,   -0.511729,   -0.073055,    2.690877,   -0.012588,    0.066071,   -0.519907,   -0.039294,    0.606457,    0.049819,   -0.839271,   -0.009970,    1.090691,
   -3.025072,   -0.217752,    3.868577,   -0.003760,   -0.467606,   -0.068412,    2.653507,   -0.011256,    0.067604,   -0.510727,   -0.039960,    0.591207,    0.055258,   -0.833770,   -0.014386,    1.082714,
   -3.134124,   -0.223386,    3.955404,   -0.003387,   -0.416075,   -0.063187,    2.605634,   -0.009977,    0.069050,   -0.500969,   -0.040672,    0.575492,    0.060476,   -0.828454,   -0.018648,    1.074528,
   -3.216937,   -0.227623,    4.015440,   -0.003029,   -0.358073,   -0.057439,    2.547192,   -0.008755,    0.070182,   -0.490635,   -0.041209,    0.559323,    0.065439,   -0.823355,   -0.022693,    1.066167,
   -3.269115,   -0.230120,    4.044024,   -0.002686,   -0.294827,   -0.051248,    2.478465,   -0.007593,    0.070780,   -0.479730,   -0.041354,    0.542713,    0.070126,   -0.818503,   -0.026464,    1.057670,
   -3.287108,   -0.230572,    4.037380,   -0.002358,   -0.227832,   -0.044722,    2.400104,   -0.006495,    0.070641,   -0.468262,   -0.040910,    0.525679,    0.074528,   -0.813934,   -0.029922,    1.049079,
   -3.268455,   -0.228739,    3.992870,   -0.002048,   -0.158802,   -0.037990,    2.313129,   -0.005463,    0.069606,   -0.456238,   -0.039718,    0.508233,    0.078653,   -0.809683,   -0.033040,    1.040439,
   -3.211974,   -0.224463,    3.909196,   -0.001755,   -0.089601,   -0.031196,    2.218906,   -0.004502,    0.067570,   -0.443665,   -0.037675,    0.490393,    0.082519,   -0.805791,   -0.035813,    1.031798,
   -3.117902,   -0.217689,    3.786546,   -0.001482,   -0.022161,   -0.024499,    2.119101,   -0.003615,    0.064490,   -0.430548,   -0.034741,    0.472176,    0.086151,   -0.802299,   -0.038250,    1.023207,
   -2.987938,   -0.208474,    3.626642,   -0.001229,    0.041609,   -0.018056,    2.015610,   -0.002807,    0.060390,   -0.416887,   -0.030942,    0.453600,    0.089578,   -0.799253,   -0.040378,    1.014721,
   -2.825197,   -0.196986,    3.432693,   -0.000997,    0.099931,   -0.012023,    1.910471,   -0.002082,    0.055379,   -0.402681,   -0.026388,    0.434682,    0.092825,   -0.796704,   -0.042231,    1.006396,
   -2.634071,   -0.183506,    3.209244,   -0.000789,    0.151244,   -0.006542,    1.805758,   -0.001444,    0.049643,   -0.387925,   -0.021270,    0.415439,    0.095908,   -0.794706,   -0.043852,    0.998294,
   -2.419997,   -0.168405,    2.961942,   -0.000606,    0.194291,   -0.001732,    1.703478,   -0.000897,    0.043438,   -0.372612,   -0.015844,    0.395887,    0.098825,   -0.793321,   -0.045279,    0.990478,
   -2.189162,   -0.152124,    2.697217,   -0.000449,    0.228179,    0.002310,    1.605473,   -0.000445,    0.037062,   -0.356733,   -0.010412,    0.376038,    0.101557,   -0.792616,   -0.046547,    0.983016,
   -1.948165,   -0.135149,    2.421934,   -0.000319,    0.252414,    0.005519,    1.513336,   -0.000088,    0.030835,   -0.340277,   -0.005292,    0.355909,    0.104061,   -0.792667,   -0.047672,    0.975977,
   -1.703671,   -0.117977,    2.143028,   -0.000215,    0.266911,    0.007862,    1.428346,    0.000173,    0.025069,   -0.323235,   -0.000792,    0.335513,    0.106269,   -0.793556,   -0.048655,    0.969436,
   -1.462091,   -0.101090,    1.867170,   -0.000138,    0.271977,    0.009330,    1.351433,    0.000340,    0.020041,   -0.305599,    0.002819,    0.314864,    0.108092,   -0.795375,   -0.049474,    0.963470,
   -1.229295,   -0.084925,    1.600464,   -0.000084,    0.268276,    0.009945,    1.283163,    0.000419,    0.015973,   -0.287364,    0.005331,    0.293974,    0.109422,   -0.798224,   -0.050088,    0.958162,
   -1.010389,   -0.069856,    1.348218,   -0.000052,    0.256772,    0.009747,    1.223752,    0.000415,    0.013007,   -0.268534,    0.006618,    0.272855,    0.110135,   -0.802215,   -0.050430,    0.953598,
   -0.809556,   -0.056175,    1.114775,   -0.000038,    0.238671,    0.008794,    1.173095,    0.000340,    0.011198,   -0.249116,    0.006646,    0.251510,    0.110102,   -0.807467,   -0.050418,    0.949870,
   -0.629958,   -0.044086,    0.903414,   -0.000038,    0.215348,    0.007152,    1.130811,    0.000205,    0.010501,   -0.229126,    0.005486,    0.229943,    0.109192,   -0.814113,   -0.049957,    0.947077,
   -0.473700,   -0.033701,    0.716308,   -0.000046,    0.188281,    0.004891,    1.096298,    0.000026,    0.010780,   -0.208586,    0.003303,    0.208150,    0.107280,   -0.822300,   -0.048942,    0.945325,
   -0.341829,   -0.025042,    0.554534,   -0.000059,    0.158992,    0.002081,    1.068793,   -0.000181,    0.011803,   -0.187515,    0.000360,    0.186125,    0.104257,   -0.832188,   -0.047266,    0.944728,
   -0.234393,   -0.018050,    0.418127,   -0.000071,    0.128983,   -0.001214,    1.047429,   -0.000394,    0.013258,   -0.165935,   -0.002997,    0.163859,    0.100031,   -0.843954,   -0.044825,    0.945412,
   -0.150504,   -0.012597,    0.306150,   -0.000079,    0.099689,   -0.004941,    1.031294,   -0.000593,    0.014764,   -0.143861,   -0.006354,    0.141340,    0.094537,   -0.857797,   -0.041523,    0.947514,
   -0.088433,   -0.008498,    0.216800,   -0.000080,    0.072435,   -0.009055,    1.019486,   -0.000752,    0.015891,   -0.121298,   -0.009248,    0.118554,    0.087737,   -0.873939,   -0.037276,    0.951186,
   -0.045719,   -0.005531,    0.147514,   -0.000074,    0.048396,   -0.013527,    1.011160,   -0.000847,    0.016181,   -0.098236,   -0.011190,    0.095483,    0.079623,   -0.892633,   -0.032016,    0.956600,
   -0.019279,   -0.003447,    0.095090,   -0.000060,    0.028572,   -0.018340,    1.005570,   -0.000849,    0.015169,   -0.074647,   -0.011688,    0.072109,    0.070217,   -0.914165,   -0.025689,    0.963950,
   -0.005529,   -0.001992,    0.055809,   -0.000040,    0.013757,   -0.023489,    1.002108,   -0.000730,    0.012405,   -0.050477,   -0.010270,    0.048415,    0.059570,   -0.938867,   -0.018259,    0.973456,
   -0.000507,   -0.000919,    0.025567,   -0.000019,    0.004526,   -0.028985,    1.000333,   -0.000457,    0.007471,   -0.025637,   -0.006500,    0.024383,    0.047755,   -0.967121,   -0.009701,    0.985373,
    0.000000,    0.000000,    0.000000,    0.000000,    0.001216,   -0.034847,    1.000000,    0.000000,    0.000000,    0.000000,    0.000000,    0.000000,    0.034867,   -0.999375,    0.000000,    1.000000,
