0.0303152,0.012123,0.00606243,0.463708,0.446741,0.0152047,1.97792,4.46741,12.4798,12.3785
0.0628052,0.0251073,0.012559,0.464249,0.446189,0.0208757,1.97558,4.46189,13.0972,12.9249
0.0993986,0.0397169,0.0198748,0.464249,0.445306,0.0289166,1.97187,4.45306,13.6403,13.4011
0.126776,0.0506132,0.0253432,0.465154,0.444315,0.0346172,1.96766,4.44315,14.0955,13.9106
0.163942,0.0653778,0.0327634,0.466613,0.442798,0.0419833,1.96123,4.42798,14.4026,14.4514
0.197045,0.0784886,0.0393674,0.466612,0.441207,0.0480051,1.95446,4.41207,14.4187,14.9053
0.227326,0.0904122,0.0454003,0.468596,0.439402,0.0545871,1.94682,4.39402,14.4007,15.3364
0.262259,0.10412,0.0523539,0.47104,0.437145,0.0620447,1.93727,4.37145,14.3564,15.479
0.297332,0.11781,0.0593257,0.471041,0.434638,0.0690309,1.92665,4.34638,14.5047,15.4793
0.327369,0.12943,0.0652838,0.474044,0.432141,0.0761779,1.91614,4.32141,14.3646,15.4591
0.362132,0.142814,0.072171,0.477556,0.429084,0.0843599,1.9033,4.29084,13.9062,15.3017
0.394612,0.155224,0.0785935,0.477556,0.426006,0.0916197,1.89036,4.26006,13.6196,15.2013
0.426097,0.167124,0.0848032,0.481684,0.422714,0.0990377,1.87656,4.22714,13.2156,14.9166
0.461053,0.180242,0.0916857,0.486385,0.41887,0.107661,1.86053,4.1887,12.8537,14.6844
0.489764,0.190907,0.0973247,0.486385,0.415502,0.115276,1.84657,4.15502,12.5687,14.5167
0.524116,0.203517,0.104052,0.491695,0.411204,0.125096,1.82888,4.11204,12.3803,14.173
0.561187,0.21698,0.111293,0.497687,0.406327,0.135894,1.80892,4.06327,12.3108,13.7619
0.589823,0.227242,0.116869,0.497687,0.402352,0.144012,1.79266,4.02352,12.2489,13.4532
0.622516,0.238793,0.123214,0.504439,0.397591,0.153687,1.77331,3.97591,12.1377,13.0803
0.659564,0.251721,0.130384,0.511922,0.391986,0.165319,1.75076,3.91986,12.0863,12.7048
0.692878,0.26315,0.136805,0.511921,0.386692,0.176966,1.72979,3.86692,11.8552,12.3104
0.723738,0.273535,0.142727,0.520187,0.381573,0.188847,1.70986,3.81573,11.6978,11.9766
0.758194,0.284988,0.149321,0.529361,0.37571,0.202291,1.68728,3.7571,11.5067,11.6057
0.788498,0.294854,0.155092,0.529362,0.370341,0.213587,1.66662,3.70341,11.3052,11.3025
0.821256,0.305314,0.161305,0.539562,0.36434,0.227388,1.64412,3.6434,11.1172,10.9328
0.857378,0.316654,0.16813,0.550739,0.357553,0.244016,1.6194,3.57553,10.9088,10.5432
0.881257,0.323958,0.172616,0.55074,0.352934,0.256187,1.60314,3.52934,10.7346,10.338
0.922126,0.336228,0.180263,0.563085,0.344842,0.277087,1.57519,3.44842,10.5155,9.93671
0.953164,0.345361,0.186045,0.576768,0.338556,0.293403,1.55412,3.38556,10.3593,9.59851
0.986187,0.35475,0.192154,0.576769,0.331674,0.314534,1.53299,3.31674,10.1545,9.3184
1.02371,0.365148,0.199058,0.591799,0.323688,0.337623,1.50897,3.23688,10.0046,8.93119
1.05594,0.373872,0.20496,0.608516,0.316717,0.358243,1.48916,3.16717,9.88043,8.58488
1.08414,0.381231,0.210087,0.608515,0.310499,0.38113,1.47457,3.10499,9.6248,8.28338
1.12077,0.390533,0.21671,0.626822,0.302313,0.410906,1.45679,3.02313,9.40803,7.88798
1.15276,0.398451,0.222465,0.647276,0.295079,0.43727,1.44269,2.95079,9.27083,7.53722
1.18362,0.405733,0.22797,0.647279,0.28797,0.466079,1.43218,2.8797,9.0454,7.25882
1.22044,0.41415,0.234497,0.669894,0.27944,0.504056,1.42425,2.7944,8.86757,6.83971
1.25,0.420734,0.239712,0.669639,0.272559,0.536868,1.42161,2.72558,8.69326,6.56329
1.28242,0.427522,0.245372,0.694992,0.264929,0.576527,1.42378,2.64929,8.58809,6.17859
1.31976,0.435066,0.25185,0.723051,0.256118,0.625294,1.43249,2.56118,8.45107,5.75528
1.34855,0.440695,0.256817,0.723073,0.249308,0.665013,1.44396,2.49308,8.26334,5.48636
1.38366,0.447086,0.262807,0.75438,0.241031,0.72166,1.4695,2.41031,8.14248,5.03429
1.41965,0.453332,0.268902,0.789391,0.232571,0.784758,1.50572,2.32571,8.05587,4.56278
1.44721,0.457936,0.273543,0.789414,0.226108,0.836051,1.54015,2.26108,7.83293,4.28748
1.48205,0.463285,0.279337,0.828758,0.218068,0.906277,1.59433,2.18068,7.73829,3.79244
1.51828,0.468533,0.285319,0.8731,0.209814,0.986503,1.66442,2.09814,7.70568,3.26045
1.54752,0.472551,0.290112,0.8731,0.203232,1.05652,1.73129,2.03232,7.46982,2.96546
1.58283,0.476908,0.295824,0.922873,0.195545,1.15429,1.83328,1.95545,7.43745,2.37832
1.61396,0.480501,0.30082,0.979035,0.188942,1.24226,1.92987,1.88942,7.50354,1.8198
1.64443,0.483762,0.305671,0.979029,0.182665,1.32951,2.0294,1.82665,7.16956,1.53327
1.68253,0.487334,0.311657,1.0426,0.175252,1.45584,2.18086,1.75252,7.11665,0.881162
1.71359,0.489963,0.316493,1.11371,0.169506,1.56251,2.31265,1.69506,7.22637,0.214366
1.74525,0.492365,0.321377,1.11372,0.163958,1.67291,2.45197,1.63958,6.81491,-0.025728
1.78213,0.494655,0.326982,1.19362,0.158201,1.80211,2.61836,1.58201,6.78475,-0.731565
1.81131,0.496229,0.331378,1.28237,0.154011,1.90323,2.75038,1.54011,6.95352,-1.45723
1.84319,0.497639,0.336129,1.28238,0.149924,2.01167,2.89349,1.49924,6.41098,-1.53658
1.8792,0.498766,0.341417,1.37978,0.146164,2.11904,3.03641,1.46164,6.41861,-2.18388
1.90936,0.49947,0.345805,1.4852,0.14349,2.19839,3.14262,1.4349,6.60163,-2.85696
1.94289,0.499883,0.35062,1.4852,0.141278,2.26777,3.2359,1.41278,5.7914,-2.59086
1.98009,0.49986,0.355875,1.59693,0.139899,2.30796,3.28997,1.39899,5.97724,-3.00272
2.00798,0.49963,0.359778,1.71256,0.139345,2.32326,3.31056,1.39345,6.28222,-3.46701
2.04178,0.498965,0.36444,1.71256,0.139551,2.31662,3.30159,1.39551,5.42649,-2.78607
2.07973,0.497744,0.369586,1.82881,0.140841,2.26752,3.23519,1.40841,5.61092,-2.77327
2.11277,0.496364,0.374008,1.9431,0.142659,2.20293,3.1481,1.42659,5.87083,-2.7534
2.14268,0.494822,0.377954,1.94308,0.144935,2.12749,3.04682,1.44935,5.32284,-1.93837
2.17743,0.492597,0.382459,2.05215,0.148412,2.0243,2.90919,1.48412,5.58077,-1.71325
2.20537,0.490631,0.386045,2.15405,0.151532,1.93574,2.79184,1.51532,5.91315,-1.63176
2.24567,0.487284,0.391118,2.15407,0.156914,1.79418,2.60614,1.56914,5.39813,-0.551194
2.27841,0.484121,0.39515,2.24778,0.161894,1.67935,2.45792,1.61894,5.61676,-0.227542
2.30574,0.481336,0.398487,2.33266,0.166238,1.58452,2.33722,1.66238,5.88749,-0.0288874
2.34241,0.477154,0.402872,2.33266,0.172615,1.46238,2.18531,1.72615,5.52235,0.799417
2.37239,0.473393,0.406384,2.4089,0.17815,1.36781,2.07099,1.7815,5.76156,1.09147
2.4054,0.469044,0.410206,2.47712,0.184422,1.26693,1.9526,1.84422,5.96222,1.46802
2.43983,0.464075,0.414099,2.47712,0.191273,1.16867,1.84228,1.91273,5.76653,2.10801
2.47005,0.459415,0.417449,2.53798,0.197465,1.09072,1.75955,1.97465,5.96899,2.39656
2.50375,0.453997,0.421134,2.59208,0.204485,1.0094,1.67827,2.04485,6.11775,2.74177
2.5415,0.447441,0.42515,2.59208,0.212506,0.926139,1.60196,2.12506,5.94201,3.29353
2.57027,0.442154,0.428141,2.64046,0.218691,0.869795,1.5557,2.18691,6.12766,3.53651
2.60408,0.435742,0.431608,2.68367,0.225999,0.807925,1.51012,2.25999,6.26915,3.85726
2.63965,0.42856,0.435148,2.68366,0.233729,0.749029,1.47322,2.33729,6.24039,4.306
2.67002,0.422154,0.438101,2.72253,0.240338,0.703542,1.44993,2.40338,6.43314,4.58205
2.70133,0.415388,0.441102,2.75752,0.247152,0.659405,1.4316,2.47152,6.58802,4.85176
2.73963,0.406622,0.444645,2.75752,0.255398,0.610576,1.41745,2.55398,6.63542,5.29543
2.76975,0.399472,0.44736,2.7892,0.261844,0.576532,1.41255,2.61844,6.80796,5.53338
2.8031,0.391371,0.450314,2.81788,0.26894,0.541848,1.41177,2.6894,6.95345,5.78764
2.84009,0.381962,0.453471,2.81789,0.276655,0.508352,1.41656,2.76655,7.02674,6.16913
2.86715,0.37487,0.455718,2.8441,0.282231,0.484282,1.42158,2.82231,7.16738,6.33801
2.90204,0.365549,0.458561,2.86819,0.289356,0.454044,1.43007,2.89356,7.33934,6.58762
2.9395,0.355127,0.461484,2.86819,0.296774,0.429638,1.44501,2.96774,7.4675,6.93039
2.96597,0.347582,0.46349,2.8902,0.301931,0.412385,1.45606,3.01931,7.57105,7.05894
3.00079,0.337496,0.466076,2.91069,0.308633,0.389777,1.47131,3.08633,7.74307,7.28624
3.03164,0.32823,0.468254,2.91069,0.314324,0.372906,1.48628,3.14324,7.82062,7.52898
3.06663,0.317553,0.470661,2.92963,0.320662,0.35472,1.50398,3.20662,8.03141,7.75616
3.10073,0.306952,0.472938,2.94728,0.326708,0.338072,1.52187,3.26708,8.22271,7.94741
3.13357,0.296431,0.475009,2.94728,0.332249,0.325026,1.53971,3.32249,8.31313,8.17848
3.16346,0.286728,0.476842,2.96378,0.337182,0.313182,1.55583,3.37182,8.47951,8.31058
3.19947,0.274852,0.478977,2.96382,0.342962,0.298959,1.57499,3.42962,8.59719,8.54069
3.23262,0.263635,0.480816,2.97933,0.347984,0.28947,1.593,3.47984,8.79038,8.67426
3.26551,0.25237,0.482579,2.99394,0.352805,0.279411,1.61017,3.52805,8.94884,8.8175
3.30002,0.240403,0.484359,3.00789,0.357675,0.26804,1.62735,3.57676,9.10285,8.95523
3.32951,0.229951,0.485765,3.00789,0.361549,0.260818,1.64177,3.61549,9.18998,9.10337
3.36212,0.218306,0.487273,3.02105,0.365709,0.253511,1.65751,3.65709,9.32587,9.21661
3.40042,0.204451,0.488949,3.03363,0.370343,0.246269,1.67544,3.70343,9.52401,9.39104
3.429,0.193933,0.490089,3.03363,0.373514,0.2403,1.68749,3.73514,9.58497,9.47785
3.46186,0.181763,0.491353,3.04577,0.377022,0.234092,1.70102,3.77022,9.73347,9.55549
3.49698,0.168624,0.492616,3.04578,0.380509,0.228703,1.71474,3.80509,9.80168,9.69049
3.52793,0.156896,0.493619,3.05741,0.383286,0.224027,1.72562,3.83286,9.90239,9.71991
3.56699,0.141994,0.494803,3.06869,0.386556,0.21889,1.73858,3.86556,10.0606,9.80656
3.59788,0.130125,0.495669,3.06868,0.388942,0.215601,1.74817,3.88942,10.0844,9.88945
3.62779,0.118516,0.496399,3.07962,0.390935,0.212463,1.75612,3.90935,10.1625,9.9052
3.66241,0.10503,0.497184,3.0903,0.393065,0.209102,1.76462,3.93065,10.2814,9.9327
3.69411,0.0926062,0.497821,3.09029,0.394773,0.20646,1.77147,3.94773,10.3404,10.0103
3.72575,0.0801324,0.498356,3.10073,0.39618,0.204843,1.77725,3.9618,10.3847,10.0168
3.76245,0.0656154,0.498898,3.11098,0.397584,0.203254,1.78303,3.97584,10.4539,10.0338
3.79357,0.0532616,0.499277,3.11098,0.398529,0.201931,1.78687,3.98529,10.5002,10.0964
3.82411,0.0410992,0.499552,3.12113,0.399175,0.201017,1.78949,3.99175,10.5351,10.0698
3.85995,0.0267993,0.499804,3.13118,0.39972,0.200261,1.79171,3.9972,10.5722,10.0258
3.8955,0.0125918,0.499952,3.13118,0.399933,0.200019,1.79259,3.99933,10.6097,10.0712
3.92492,0.000829814,0.499975,3.14119,0.39983,0.200291,1.7922,3.9983,10.5942,10.0095
3.95922,-0.01289,0.499944,-3.13199,0.399536,0.200879,1.79104,3.99536,10.6369,9.98607
3.98671,-0.0238738,0.499838,-3.13198,0.39905,0.20172,1.7891,3.9905,10.6114,9.96426
4.02667,-0.0398216,0.499578,-3.12193,0.398039,0.202872,1.78493,3.98039,10.5887,9.93207
4.05798,-0.0522929,0.499301,-3.11179,0.397026,0.204071,1.78078,3.97026,10.5834,9.91003
4.08844,-0.0643904,0.49894,-3.11179,0.395757,0.206156,1.7757,3.95757,10.5366,9.84843
4.12133,-0.0774058,0.498466,-3.10156,0.394152,0.209287,1.76941,3.94152,10.5242,9.76552
4.16054,-0.0928628,0.497803,-3.09114,0.391956,0.212942,1.76068,3.91956,10.5487,9.70434
4.18744,-0.103411,0.497271,-3.09114,0.390205,0.214246,1.75336,3.90205,10.4578,9.63258
4.22306,-0.1173,0.496473,-3.08043,0.387621,0.218315,1.74308,3.87621,10.4093,9.54202
4.25764,-0.130708,0.49562,-3.06958,0.384892,0.223574,1.7325,3.84892,10.4037,9.47277
4.28827,-0.142487,0.49477,-3.06958,0.382225,0.228451,1.72214,3.82225,10.2876,9.37103
4.32402,-0.156125,0.493683,-3.05834,0.378814,0.233567,1.70866,3.78814,10.2044,9.23638
4.35212,-0.166785,0.492785,-3.04667,0.376001,0.237488,1.69751,3.76001,10.1627,9.14092
4.38504,-0.179117,0.49161,-3.04667,0.372412,0.243847,1.68371,3.72412,10.0551,9.07251
4.42199,-0.192825,0.490207,-3.03464,0.368124,0.251881,1.66747,3.68124,9.98163,8.9278
4.4524,-0.204022,0.488994,-3.0221,0.364427,0.259107,1.65366,3.64427,9.94181,8.79384
4.48289,-0.215063,0.487668,-3.0221,0.360455,0.267634,1.6392,3.60455,9.83019,8.68378
4.51969,-0.228252,0.485991,-3.00894,0.355453,0.276735,1.62065,3.55453,9.74547,8.48611
4.54995,-0.238996,0.484557,-3.00904,0.351193,0.283365,1.60461,3.51193,9.6177,8.40503
4.5837,-0.250724,0.482827,-2.99505,0.346116,0.296943,1.58771,3.46116,9.50844,8.19711
4.62023,-0.263249,0.480876,-2.98057,0.340434,0.310077,1.56844,3.40434,9.42299,8.01096
4.64839,-0.2728,0.479325,-2.98057,0.335937,0.319225,1.55296,3.35937,9.26454,7.89608
4.68114,-0.283636,0.4774,-2.96503,0.330444,0.333358,1.53558,3.30444,9.15047,7.70049
4.71978,-0.296223,0.475046,-2.94863,0.323773,0.351197,1.51539,3.23773,9.07739,7.49455
4.74816,-0.305338,0.473266,-2.94861,0.318754,0.36496,1.50083,3.18754,8.92714,7.3392
4.78316,-0.316257,0.470943,-2.93108,0.31232,0.384369,1.48372,3.1232,8.82442,7.09582
4.81795,-0.326903,0.468561,-2.91224,0.305785,0.404876,1.46764,3.05785,8.72616,6.86236
4.84721,-0.335714,0.466504,-2.91222,0.300184,0.422986,1.45494,3.00184,8.57381,6.70987
4.88179,-0.345785,0.463955,-2.89192,0.293354,0.446913,1.44159,2.93354,8.43972,6.43092
4.91658,-0.3557,0.461317,-2.86996,0.286366,0.473416,1.43059,2.86366,8.34377,6.16381
4.94576,-0.363844,0.459049,-2.86995,0.280418,0.497675,1.42361,2.80418,8.16091,5.97455
4.98167,-0.373499,0.456141,-2.84613,0.272949,0.53164,1.41923,2.72949,8.05061,5.67246
5.01391,-0.381953,0.453466,-2.8201,0.266171,0.563257,1.41789,2.66171,7.96507,5.37049
5.04372,-0.389564,0.450931,-2.8201,0.259836,0.593251,1.41884,2.59836,7.82309,5.18302
5.08064,-0.398607,0.447681,-2.79151,0.251893,0.640185,1.4307,2.51893,7.73575,4.82545
5.11162,-0.40598,0.444893,-2.76022,0.245194,0.681255,1.445,2.45194,7.67815,4.49169
5.14333,-0.413271,0.441969,-2.76022,0.238311,0.723283,1.46235,2.38311,7.50782,4.27407
5.18328,-0.422015,0.438167,-2.72539,0.22961,0.789628,1.5018,2.2961,7.39389,3.84372
5.21248,-0.42817,0.435328,-2.68701,0.223273,0.841206,1.53754,2.23273,7.38301,3.46875
5.24318,-0.434404,0.432282,-2.68701,0.216642,0.897071,1.58025,2.16642,7.18949,3.24049
5.28011,-0.441481,0.428513,-2.64401,0.208754,0.975139,1.6486,2.08754,7.16984,2.796
5.30825,-0.446684,0.425595,-2.59616,0.202799,1.03905,1.70943,2.02799,7.19654,2.36096
5.3435,-0.452848,0.421855,-2.59616,0.19546,1.12682,1.7993,1.9546,6.98468,2.07729
5.37845,-0.458545,0.418051,-2.54247,0.188424,1.22087,1.90192,1.88424,6.98669,1.56718
5.40712,-0.463036,0.414888,-2.48219,0.182774,1.30196,1.99428,1.82774,7.03133,1.05867
5.44161,-0.468055,0.410998,-2.4822,0.176255,1.40908,2.12143,1.76255,6.7183,0.825161
5.47864,-0.473013,0.406728,-2.41469,0.169645,1.53138,2.27168,1.69645,6.76443,0.257324
5.50772,-0.476692,0.403326,-2.33906,0.164686,1.63006,2.39572,1.64686,6.92021,-0.322987
5.5415,-0.480585,0.399298,-2.33905,0.159392,1.74749,2.54623,1.59392,6.54126,-0.453684
5.57701,-0.484262,0.394975,-2.25483,0.154414,1.87041,2.70634,1.54414,6.71724,-1.05207
5.60631,-0.487091,0.391365,-2.16188,0.150624,1.96996,2.83742,1.50624,6.98328,-1.67497
5.64212,-0.490111,0.386865,-2.16189,0.146726,2.08392,2.98893,1.46726,6.41956,-1.56196
5.67387,-0.492413,0.382804,-2.06057,0.143987,2.1701,3.10429,1.43987,6.71323,-2.06442
5.7055,-0.494496,0.378716,-1.95198,0.141682,2.24556,3.20575,1.41682,7.04523,-2.59063
5.74154,-0.4964,0.373967,-1.95198,0.140078,2.30167,3.28148,1.40078,6.32047,-2.08411
5.77252,-0.497677,0.369819,-1.8381,0.139504,2.32198,3.30892,1.39504,6.52285,-2.37837
5.80212,-0.498735,0.365823,-1.72173,0.139322,2.32901,3.31844,1.39322,6.90458,-2.72779
5.83969,-0.499522,0.360652,-1.72174,0.140346,2.29919,3.27829,1.40346,6.01835,-1.85273
5.86933,-0.499834,0.356515,-1.60607,0.141849,2.24967,3.21154,1.41849,6.25737,-1.92296
5.90382,-0.499944,0.351658,-1.4938,0.144152,2.17336,3.10891,1.44152,6.51982,-1.85661
5.93891,-0.499556,0.346627,-1.4938,0.147515,2.07455,2.97689,1.47515,5.87042,-0.908293
5.9678,-0.498952,0.342436,-1.38792,0.150827,1.98243,2.85459,1.50827,6.20379,-0.849605
6.00162,-0.498013,0.337491,-1.28976,0.155142,1.86657,2.70196,1.55142,6.37553,-0.602634
6.03885,-0.496413,0.331951,-1.28976,0.160804,1.73558,2.53196,1.60804,5.88441,0.295674
6.06954,-0.494785,0.327332,-1.20041,0.165881,1.62691,2.39315,1.65881,6.06969,0.539573
6.10359,-0.492725,0.322164,-1.1198,0.17184,1.50654,2.24216,1.7184,6.26222,0.897419
6.13851,-0.49012,0.316785,-1.11979,0.178518,1.38889,2.09893,1.78518,5.93566,1.63686
6.16671,-0.487755,0.312399,-1.04782,0.184145,1.29946,1.99356,1.84145,6.13215,1.87284
6.20303,-0.484429,0.306704,-0.983897,0.191634,1.19026,1.86991,1.91634,6.24416,2.26276
6.23692,-0.480845,0.301316,-0.983896,0.198965,1.09909,1.77302,1.98965,6.05427,2.82484
6.26695,-0.477409,0.296499,-0.927156,0.205602,1.02223,1.69607,2.05602,6.19982,3.10264
6.30123,-0.47324,0.290964,-0.876743,0.213303,0.938386,1.61792,2.13303,6.37252,3.46137
6.33042,-0.469263,0.286185,-0.876744,0.220018,0.875719,1.56585,2.20018,6.30897,3.86843
6.36451,-0.4644,0.280569,-0.832087,0.227924,0.808125,1.51599,2.27924,6.44082,4.19969
6.40054,-0.458945,0.274587,-0.792462,0.236365,0.744731,1.47719,2.36365,6.57197,4.55527
6.43156,-0.4538,0.269369,-0.792461,0.243678,0.691581,1.44957,2.43678,6.52087,4.94054
6.4638,-0.448254,0.263916,-0.756944,0.251288,0.640819,1.42917,2.51288,6.68936,5.24908
6.5022,-0.4413,0.257372,-0.72544,0.260365,0.587929,1.41639,2.60365,6.87703,5.62366
6.52942,-0.436007,0.252679,-0.72544,0.266778,0.55548,1.41411,2.66778,6.90901,5.91776
6.5645,-0.428986,0.246602,-0.69719,0.275007,0.51402,1.41428,2.75007,7.08909,6.23817
6.59916,-0.421769,0.240558,-0.697238,0.283087,0.473557,1.41783,2.83087,7.14522,6.63044
6.63042,-0.414848,0.235047,-0.671732,0.290292,0.446003,1.42883,2.90292,7.33514,6.87244
6.66298,-0.407459,0.229284,-0.649023,0.297737,0.417004,1.44164,2.97737,7.51537,7.13534
6.6991,-0.398976,0.222847,-0.649002,0.305906,0.383871,1.45704,3.05906,7.6302,7.5201
6.72767,-0.391912,0.217708,-0.62837,0.312224,0.363203,1.47283,3.12224,7.79312,7.69373
6.76423,-0.382681,0.211104,-0.609883,0.320231,0.337965,1.49459,3.20231,8.01267,7.98098
6.79863,-0.373739,0.204856,-0.609883,0.327654,0.315673,1.51642,3.27654,8.14992,8.29503
6.82662,-0.366143,0.199727,-0.593095,0.333514,0.296885,1.53392,3.33514,8.28463,8.45191
6.86256,-0.356225,0.19312,-0.57784,0.340941,0.275189,1.5578,3.40941,8.50208,8.70902
6.89823,-0.346115,0.186528,-0.577838,0.348155,0.258226,1.58318,3.48155,8.67238,9.00461
6.92741,-0.337542,0.181093,-0.564189,0.353847,0.243045,1.60308,3.53847,8.8596,9.16792
6.96133,-0.327432,0.174755,-0.551669,0.360353,0.226534,1.62657,3.60353,9.07412,9.36237
6.99334,-0.317666,0.168745,-0.551668,0.366314,0.21328,1.649,3.66314,9.21491,9.57135
7.02537,-0.307636,0.162696,-0.540402,0.372081,0.199276,1.67073,3.72081,9.39739,9.74399
7.06064,-0.296419,0.156014,-0.530124,0.37827,0.184723,1.69452,3.7827,9.58709,9.91577
7.09326,-0.285825,0.149805,-0.530127,0.383773,0.173571,1.71633,3.83773,9.72374,10.1142
7.12414,-0.275575,0.143897,-0.520912,0.38876,0.162726,1.73613,3.8876,9.90329,10.2635
7.15976,-0.2636,0.137063,-0.512522,0.394345,0.150407,1.75849,3.94345,10.0971,10.4002
7.18982,-0.253306,0.131271,-0.512521,0.398849,0.140643,1.77672,3.98849,10.2844,10.5848
7.22474,-0.24115,0.124517,-0.504987,0.403821,0.13048,1.7971,4.03821,10.4236,10.6974
7.25918,-0.229017,0.117838,-0.498238,0.408529,0.120801,1.81653,4.08529,10.5617,10.8395
7.28865,-0.218471,0.112101,-0.498238,0.412346,0.112195,1.83228,4.12346,10.6723,10.9466
7.32196,-0.206401,0.105598,-0.49216,0.416407,0.103548,1.8492,4.16407,10.8099,11.0396
7.35933,-0.192713,0.0982829,-0.486793,0.420718,0.0943033,1.86727,4.20718,10.9677,11.1551
7.38761,-0.182223,0.0927304,-0.486793,0.423763,0.0869174,1.88002,4.23763,11.0394,11.2142
7.42354,-0.168759,0.0856586,-0.482018,0.427348,0.0785189,1.89514,4.27348,11.1606,11.3048
7.45801,-0.155735,0.0788607,-0.47788,0.430556,0.0707949,1.90873,4.30556,11.2767,11.4197
7.48624,-0.14496,0.0732801,-0.477879,0.432949,0.0640254,1.91884,4.32949,11.2945,11.44
7.52527,-0.129948,0.0655495,-0.474279,0.435969,0.0555597,1.93169,4.35969,11.3764,11.555
7.55775,-0.117376,0.0591069,-0.471268,0.438256,0.0489298,1.94145,4.38256,11.4897,11.6339
7.58734,-0.105834,0.0532256,-0.471268,0.44006,0.0429142,1.94915,4.4006,11.5305,11.6434
7.62225,-0.0921458,0.0462783,-0.468761,0.44193,0.0354348,1.95714,4.4193,11.5819,11.6578
7.65357,-0.0798179,0.0400389,-0.466755,0.443434,0.0286924,1.96358,4.43434,11.6547,11.6872
7.68583,-0.0670468,0.0336037,-0.466755,0.444636,0.0230615,1.96875,4.44636,11.6785,11.7
7.71976,-0.053576,0.0268303,-0.465295,0.445666,0.0165766,1.97318,4.45666,11.6735,11.7205
7.75177,-0.0408373,0.0204356,-0.464269,0.446457,0.0101096,1.9766,4.46457,11.7389,11.7261
7.78274,-0.0284777,0.0142462,-0.464269,0.446858,0.00438903,1.97834,4.46858,11.7372,11.7216
7.82282,-0.0124629,0.00623232,-0.463748,0.447105,-0.00354755,1.97942,4.47105,11.7337,11.7822
7.85112,-0.0011462,0.000572576,-0.463688,0.447119,-0.00940981,1.97953,4.47119,11.7545,11.809
7.88347,0.0117933,-0.00589784,-0.463688,0.446769,-0.0153934,1.97805,4.46769,11.7312,11.7842
7.9197,0.0262698,-0.0131413,-0.464148,0.446123,-0.0226183,1.97533,4.46123,11.7224,11.7739
7.94882,0.0378988,-0.0189631,-0.46415,0.445434,-0.0287802,1.97243,4.45434,11.7249,11.7228
7.98123,0.0508042,-0.0254383,-0.465073,0.444295,-0.0337595,1.96754,4.44295,11.6737,11.6845
8.01925,0.065903,-0.0330285,-0.46653,0.442716,-0.0411719,1.96083,4.42716,11.6241,11.684
8.04852,0.0775015,-0.0388696,-0.466529,0.44133,-0.0481218,1.95501,4.4133,11.5654,11.6518
8.08293,0.0910509,-0.0457232,-0.46837,0.43932,-0.0557557,1.94652,4.3932,11.4918,11.6356
8.11951,0.105395,-0.0530034,-0.470811,0.436916,-0.0629046,1.93631,4.36916,11.4329,11.5853
8.14609,0.115775,-0.0582867,-0.470811,0.435011,-0.0674974,1.92819,4.35011,11.3749,11.4989
8.18185,0.129626,-0.0653835,-0.473812,0.432109,-0.0758771,1.91597,4.32109,11.2897,11.4151
8.21316,0.141679,-0.0715856,-0.477253,0.42937,-0.0835151,1.9045,4.2937,11.1943,11.3592
8.24704,0.154638,-0.0782871,-0.477253,0.426164,-0.0918827,1.89109,4.26164,11.1105,11.2997
8.28176,0.16776,-0.0851347,-0.48131,0.422528,-0.0998571,1.87583,4.22528,10.9809,11.2177
8.31309,0.179514,-0.0913023,-0.485999,0.419083,-0.107366,1.86144,4.19083,10.882,11.1343
8.34386,0.190956,-0.0973471,-0.485999,0.415515,-0.115238,1.84663,4.15515,10.7777,11.0515
8.38147,0.20475,-0.104712,-0.491273,0.410779,-0.125732,1.8271,4.10779,10.6121,10.9898
8.41248,0.216006,-0.110768,-0.497205,0.40669,-0.134508,1.81031,4.0669,10.4674,10.8938
8.44264,0.226835,-0.116645,-0.497204,0.402532,-0.143024,1.7933,4.02532,10.3588,10.7898
8.47972,0.239926,-0.12384,-0.503867,0.397104,-0.155011,1.7714,3.97104,10.1951,10.6761
8.51046,0.250652,-0.129788,-0.511259,0.392444,-0.165128,1.75274,3.92444,10.0559,10.5833
8.54133,0.261262,-0.13574,-0.511261,0.387581,-0.175035,1.7333,3.87581,9.91961,10.4444
8.5797,0.274199,-0.143106,-0.519512,0.381251,-0.189488,1.70859,3.81251,9.73771,10.3347
8.60873,0.283852,-0.148662,-0.5286,0.376315,-0.200841,1.68958,3.76315,9.5694,10.2558
8.64213,0.294751,-0.155027,-0.528598,0.370414,-0.213759,1.66697,3.70414,9.38004,10.097
8.67963,0.306703,-0.162136,-0.53871,0.363522,-0.228858,1.64097,3.63523,9.17873,10.0078
8.70912,0.315953,-0.167706,-0.549829,0.35798,-0.242097,1.62068,3.5798,8.94931,9.86911
8.7421,0.32607,-0.173907,-0.549831,0.351613,-0.260006,1.59865,3.51613,8.77315,9.70123
8.777,0.336492,-0.180429,-0.562016,0.344659,-0.278343,1.57484,3.44659,8.54714,9.57306
8.80804,0.345599,-0.186209,-0.57562,0.338362,-0.29488,1.55384,3.38362,8.30891,9.44691
8.84252,0.355434,-0.192591,-0.575617,0.331196,-0.31447,1.53094,3.31196,8.11442,9.27507
8.87368,0.364049,-0.198321,-0.590593,0.324555,-0.334721,1.51135,3.24555,7.87014,9.16889
8.90643,0.372941,-0.204323,-0.607068,0.317481,-0.357361,1.49194,3.17481,7.62568,9.07563
8.94257,0.382408,-0.210898,-0.607066,0.309514,-0.384611,1.47228,3.09514,7.39348,8.85858
8.9711,0.389621,-0.216052,-0.625326,0.303122,-0.407304,1.4581,3.03122,7.13803,8.75911
9.00421,0.397832,-0.222011,-0.645578,0.295646,-0.434709,1.44345,2.95646,6.84856,8.66465
9.04192,0.406766,-0.228741,-0.64558,0.286997,-0.470525,1.4312,2.86997,6.60527,8.48496
9.07223,0.413655,-0.234108,-0.667982,0.279966,-0.502247,1.42502,2.79966,6.28728,8.35608
9.10395,0.420704,-0.239704,-0.692913,0.272564,-0.536999,1.42173,2.72564,5.98848,8.27891
9.1397,0.428226,-0.245949,-0.692914,0.264149,-0.579513,1.42331,2.64149,5.73226,8.0866
9.16896,0.434122,-0.251024,-0.720729,0.257242,-0.618834,1.43094,2.57242,5.41369,8.02956
9.23012,0.445725,-0.261526,-0.751723,0.242799,-0.709414,1.46351,2.42799,5.03768,8.16247
9.26089,0.451185,-0.266754,-0.786527,0.235556,-0.75998,1.48983,2.35557,4.49758,7.81929
9.28782,0.455715,-0.271294,-0.786525,0.22924,-0.809538,1.52134,2.2924,4.27089,7.64129
9.31832,0.460576,-0.276394,-0.825449,0.222151,-0.86993,1.56543,2.22151,3.91744,7.6701
9.3484,0.465194,-0.281398,-0.825433,0.215198,-0.93231,1.61596,2.15198,3.67452,7.44405
9.37906,0.469469,-0.286433,-0.869298,0.208284,-1.00398,1.68105,2.08284,3.28635,7.49623
9.4061,0.473125,-0.290855,-0.918687,0.202241,-1.06955,1.74465,2.02241,2.86932,7.52493
9.43874,0.477158,-0.296137,-0.918682,0.195121,-1.15701,1.83576,1.95121,2.63804,7.33545
9.4685,0.480551,-0.300908,-0.974362,0.188833,-1.24246,1.92991,1.88833,2.18194,7.36495
9.50253,0.484194,-0.306326,-1.03713,0.18182,-1.34489,2.04769,1.8182,1.67254,7.49521
9.53555,0.487256,-0.311508,-1.03712,0.175417,-1.45365,2.17826,1.75417,1.48142,7.21149
9.56842,0.490017,-0.316621,-1.10777,0.169369,-1.56524,2.31608,1.69369,0.955001,7.40971
9.6041,0.492704,-0.322122,-1.18695,0.163163,-1.68927,2.47283,1.63163,0.372784,7.6325
9.63762,0.49476,-0.327213,-1.18696,0.157943,-1.8063,2.62371,1.57943,0.320819,7.25235
9.66494,0.496198,-0.331323,-1.27499,0.154073,-1.90191,2.74866,1.54073,-0.225967,7.46238
9.70042,0.497805,-0.336616,-1.37164,0.149472,-2.02603,2.91262,1.49472,-0.819159,7.71974
9.73309,0.498772,-0.341405,-1.37165,0.146156,-2.1186,3.0358,1.46156,-0.653552,7.18437
9.76718,0.499505,-0.346353,-1.47663,0.143264,-2.20405,3.15019,1.43264,-1.13088,7.39554
9.79938,0.499943,-0.350983,-1.47654,0.141063,-2.27442,3.24486,1.41063,-0.804992,6.66976
9.82938,0.49988,-0.355216,-1.58782,0.140034,-2.30509,3.28614,1.40034,-1.24765,7.07881
9.86327,0.499587,-0.359955,-1.70323,0.139389,-2.32358,3.31102,1.39389,-1.60876,7.41247
9.89961,0.498918,-0.364975,-1.70317,0.139515,-2.31787,3.30327,1.39515,-0.925318,6.57195
9.93014,0.497876,-0.369104,-1.81963,0.140686,-2.27179,3.24092,1.40686,-1.11997,6.90468
9.962,0.49659,-0.373377,-1.93419,0.142342,-2.21301,3.16165,1.42342,-1.24835,7.19516
9.99741,0.494809,-0.378059,-1.9342,0.144953,-2.12906,3.04898,1.44953,-0.421873,6.43462
10.0285,0.492798,-0.382079,-2.04363,0.148099,-2.03289,2.9206,1.48099,-0.440636,6.73959
10.065,0.490149,-0.38675,-2.14629,0.1523,-1.91442,2.76369,1.523,-0.242849,6.83652
10.0974,0.487495,-0.390842,-2.14634,0.156557,-1.80535,2.62081,1.56557,0.495959,6.25058
10.1267,0.484681,-0.394453,-2.24056,0.161013,-1.70026,2.48481,1.61013,0.624193,6.44841
10.1632,0.480923,-0.398899,-2.32629,0.166877,-1.57206,2.32158,1.66877,0.948597,6.54577
10.1977,0.47703,-0.403032,-2.32629,0.172822,-1.45669,2.17817,1.72822,1.6391,6.11194
10.2267,0.473344,-0.406428,-2.40316,0.178219,-1.36616,2.06898,1.78219,1.84259,6.28365
10.2625,0.468575,-0.410556,-2.47195,0.185051,-1.25835,1.94286,1.85051,2.20608,6.37713
10.2976,0.463558,-0.414528,-2.47197,0.192017,-1.15794,1.83049,1.92017,2.76928,6.13339
10.3274,0.458884,-0.417816,-2.53336,0.198161,-1.08316,1.75191,1.98161,2.98039,6.27436
10.3618,0.45328,-0.421559,-2.588,0.205331,-1.00095,1.67035,2.05331,3.29382,6.41922
10.3905,0.448325,-0.424622,-2.588,0.21142,-0.936991,1.61148,2.1142,3.67159,6.2926
10.4243,0.442145,-0.428144,-2.63682,0.218698,-0.869669,1.55558,2.18698,3.96381,6.43232
10.462,0.434928,-0.431997,-2.68042,0.226873,-0.801089,1.50554,2.26873,4.30631,6.57357
10.492,0.428901,-0.434992,-2.68042,0.233377,-0.751793,1.47488,2.33377,4.66604,6.51526
10.5242,0.422114,-0.438116,-2.71958,0.240376,-0.702938,1.44948,2.40376,4.92844,6.65719
10.5599,0.414328,-0.441518,-2.75488,0.248131,-0.652664,1.42887,2.48131,5.23902,6.84408
10.589,0.407679,-0.444226,-2.75488,0.254421,-0.616882,1.41936,2.54421,5.5368,6.84619
10.6226,0.399742,-0.447258,-2.78673,0.261597,-0.579045,1.41367,2.61597,5.78645,7.00002
10.6586,0.390956,-0.450443,-2.81571,0.269244,-0.541144,1.41238,2.69244,6.06912,7.16957
10.6869,0.3838,-0.452861,-2.8157,0.275158,-0.513978,1.41483,2.75158,6.34153,7.21579
10.7238,0.374165,-0.455933,-2.84214,0.282774,-0.481844,1.42208,2.82774,6.61418,7.38846
10.7597,0.364502,-0.458845,-2.86633,0.290081,-0.453194,1.43242,2.90081,6.88582,7.58787
10.7884,0.356551,-0.46109,-2.86633,0.295783,-0.432223,1.44254,2.95783,7.1154,7.62765
10.8225,0.346836,-0.463679,-2.88857,0.302429,-0.409288,1.45637,3.02429,7.33772,7.78027
10.8571,0.336775,-0.466234,-2.9091,0.309042,-0.388021,1.47208,3.09042,7.5707,7.96364
10.8882,0.327468,-0.468438,-2.9091,0.314806,-0.372154,1.48791,3.14806,7.78545,8.03265
10.9212,0.317351,-0.470702,-2.92811,0.320768,-0.355318,1.50471,3.20768,7.96551,8.19541
10.9532,0.30742,-0.472836,-2.94592,0.326421,-0.33936,1.52122,3.26421,8.14396,8.35598
10.9842,0.297504,-0.474801,-2.94592,0.3317,-0.32649,1.53799,3.317,8.35158,8.44154
11.0198,0.285957,-0.476978,-2.96252,0.337562,-0.312067,1.557,3.37562,8.51654,8.64046
11.0538,0.274723,-0.478991,-2.97814,0.343,-0.298868,1.57511,3.43,8.6841,8.83116
11.0838,0.264592,-0.480662,-2.97814,0.347551,-0.289846,1.59128,3.47551,8.86965,8.91259
11.1196,0.252323,-0.482583,-2.99282,0.352808,-0.278787,1.60997,3.52808,9.00824,9.05173
11.1489,0.242178,-0.484103,-2.99285,0.356986,-0.269554,1.62487,3.56986,9.16965,9.16553
11.1836,0.229928,-0.48577,-3.00678,0.361573,-0.261575,1.64211,3.61573,9.28542,9.35055
11.2194,0.217107,-0.487415,-3.02,0.366106,-0.25328,1.65915,3.66106,9.40157,9.49821
11.2486,0.206575,-0.488702,-3.02,0.369656,-0.246433,1.67251,3.69656,9.51596,9.57073
11.2815,0.194494,-0.49003,-3.03268,0.373344,-0.240194,1.68673,3.73344,9.59507,9.70918
11.3194,0.18042,-0.49148,-3.0448,0.377369,-0.23372,1.70242,3.77368,9.72674,9.86298
11.3472,0.170045,-0.492487,-3.04479,0.38016,-0.229439,1.71342,3.8016,9.7911,9.87846
11.3831,0.156448,-0.493659,-3.05648,0.38341,-0.223776,1.7261,3.8341,9.85214,10.0181
11.4184,0.142963,-0.494729,-3.0678,0.386357,-0.219178,1.73778,3.86357,9.93788,10.1798
11.4472,0.131907,-0.495547,-3.0678,0.388592,-0.216168,1.74679,3.88592,9.99008,10.2084
11.481,0.118812,-0.496382,-3.07874,0.390881,-0.212568,1.75591,3.90881,10.0002,10.2968
11.5165,0.104994,-0.497183,-3.08945,0.393058,-0.209452,1.76467,3.93058,10.0546,10.4216
11.546,0.0934355,-0.497786,-3.08945,0.394681,-0.207502,1.77131,3.94681,10.1137,10.4284
11.5809,0.0796841,-0.498376,-3.0999,0.396235,-0.204653,1.77745,3.96235,10.1145,10.4717
11.6162,0.0656993,-0.498893,-3.11021,0.39757,-0.202624,1.78283,3.9757,10.1252,10.5666
11.6473,0.0533769,-0.49928,-3.1102,0.398543,-0.201805,1.7869,3.98543,10.1729,10.5483
11.6806,0.0401161,-0.499573,-3.12032,0.399212,-0.200939,1.78964,3.99212,10.1363,10.5959
11.7098,0.0284568,-0.499782,-3.13038,0.399661,-0.20054,1.79151,3.99661,10.1022,10.6607
11.7425,0.0153875,-0.499928,-3.13039,0.399919,-0.200898,1.79272,3.99919,10.1052,10.6388
11.7803,0.000281137,-0.499977,-3.14039,0.399831,-0.200088,1.79215,3.99831,10.0997,10.6631
11.8084,-0.0109637,-0.499956,3.13274,0.399597,-0.199751,1.79106,3.99597,10.0302,10.6838
11.8411,-0.0240267,-0.499841,3.13274,0.399063,-0.200703,1.78893,3.99063,10.031,10.6342
11.8792,-0.0392559,-0.499589,3.12274,0.39808,-0.203509,1.78526,3.9808,10.0143,10.6631
11.9081,-0.0507556,-0.49934,3.11266,0.397158,-0.205369,1.78164,3.97158,9.93196,10.6752
11.9424,-0.0643726,-0.498946,3.11266,0.395772,-0.205591,1.77564,3.95772,9.92494,10.6289
11.9793,-0.0789823,-0.498403,3.10234,0.393939,-0.209377,1.7685,3.93939,9.82204,10.5669
12.0078,-0.0902337,-0.49793,3.09199,0.392362,-0.212383,1.76232,3.92362,9.71822,10.5497
12.042,-0.103635,-0.497264,3.09199,0.390179,-0.213974,1.75318,3.90179,9.67834,10.4781
12.0788,-0.117971,-0.496433,3.0813,0.3875,-0.219287,1.74279,3.875,9.58516,10.4568
12.1088,-0.129621,-0.495692,3.07048,0.385135,-0.223899,1.73364,3.85135,9.47217,10.4355
12.142,-0.142409,-0.494781,3.07048,0.382246,-0.227545,1.722,3.82246,9.42109,10.3312
12.1735,-0.154426,-0.493824,3.0592,0.379259,-0.232215,1.71024,3.79259,9.30115,10.2512
12.2049,-0.166318,-0.492821,3.04763,0.376147,-0.237492,1.69814,3.76147,9.17394,10.1961
12.2416,-0.180086,-0.491523,3.04764,0.372139,-0.245089,1.68288,3.72139,9.08375,10.0977
12.2724,-0.191514,-0.490346,3.03564,0.36854,-0.251615,1.66919,3.6854,8.95677,10.0356
12.3034,-0.20293,-0.489116,3.02309,0.3648,-0.258291,1.65503,3.648,8.80744,9.96373
12.3404,-0.216346,-0.487519,3.02309,0.360012,-0.266846,1.63704,3.60012,8.7038,9.8404
12.3723,-0.227773,-0.486053,3.00999,0.355632,-0.276329,1.62128,3.55632,8.51727,9.7502
12.4055,-0.239526,-0.48447,2.99626,0.350928,-0.286907,1.60471,3.50928,8.34658,9.65746
12.4417,-0.252125,-0.482626,2.99626,0.34553,-0.297343,1.58535,3.4553,8.23151,9.50785
12.4687,-0.261384,-0.481176,2.98169,0.341308,-0.30704,1.57099,3.41308,8.04901,9.41485
12.5018,-0.272616,-0.479355,2.96635,0.336024,-0.319974,1.55363,3.36024,7.8594,9.31754
12.54,-0.285244,-0.477119,2.96634,0.329643,-0.335564,1.53314,3.29643,7.71083,9.14903
12.5709,-0.295284,-0.475228,2.94998,0.324289,-0.350195,1.51709,3.24289,7.50818,9.07602
12.602,-0.305304,-0.473272,2.93252,0.31878,-0.365945,1.50141,3.1878,7.30551,8.9955
12.6403,-0.317252,-0.470737,2.93252,0.311751,-0.385447,1.48192,3.11751,7.1542,8.79853
12.6692,-0.326067,-0.468753,2.91374,0.306305,-0.402292,1.46838,3.06305,6.90051,8.68555
12.7023,-0.336042,-0.466425,2.89359,0.299959,-0.423052,1.45406,2.99959,6.63525,8.59039
12.7392,-0.346796,-0.463702,2.89359,0.292676,-0.44917,1.44026,2.92676,6.45827,8.44398
12.7665,-0.354547,-0.461632,2.8718,0.287196,-0.470603,1.43203,2.87196,6.20511,8.35906
12.8026,-0.36463,-0.458826,2.84813,0.27983,-0.501059,1.42368,2.7983,5.89538,8.24823
12.8361,-0.373626,-0.456108,2.84813,0.272864,-0.531409,1.41874,2.72864,5.70141,8.05809
12.8691,-0.382244,-0.453364,2.82223,0.265919,-0.564364,1.41783,2.65919,5.42312,7.99684
12.9003,-0.390237,-0.450719,2.79391,0.25928,-0.597724,1.42053,2.5928,5.08231,7.8929
12.9331,-0.398243,-0.447818,2.79392,0.252221,-0.636964,1.42901,2.52221,4.87133,7.7165
12.9652,-0.405882,-0.444924,2.76275,0.245279,-0.679056,1.44325,2.45279,4.54462,7.65401
13.0006,-0.414038,-0.441672,2.72838,0.237602,-0.729973,1.4666,2.37602,4.15771,7.57531
13.0327,-0.42104,-0.438602,2.72838,0.230601,-0.782001,1.49695,2.30601,3.91905,7.4155
13.0647,-0.427805,-0.435496,2.69017,0.223657,-0.836861,1.53398,2.23657,3.53762,7.3891
13.1028,-0.435536,-0.43172,2.64763,0.215429,-0.907405,1.58854,2.15429,3.0798,7.31178
13.1306,-0.440825,-0.428872,2.64763,0.209489,-0.96777,1.64191,2.09489,2.83281,7.12708
13.1626,-0.446732,-0.425552,2.6002,0.202722,-1.04099,1.71156,2.02722,2.39341,7.15669
13.1984,-0.453037,-0.42176,2.60019,0.195264,-1.12942,1.80208,1.95264,2.11676,6.89123
13.2292,-0.458023,-0.41841,2.54699,0.189079,-1.2117,1.89167,1.89079,1.64156,6.92807
13.2653,-0.463636,-0.41441,2.48721,0.181984,-1.31447,2.0089,1.81984,1.08948,6.93205
13.2986,-0.468519,-0.410663,2.48726,0.175661,-1.41606,2.12956,1.75661,0.866258,6.62915
13.328,-0.472407,-0.407267,2.42034,0.170464,-1.51723,2.2542,1.70464,0.316458,6.75875
13.366,-0.477168,-0.402817,2.3455,0.164047,-1.64676,2.41715,1.64047,-0.316237,6.85232
13.4003,-0.481163,-0.39873,2.26174,0.158607,-1.76129,2.56383,1.58607,-0.935135,7.05051
13.4311,-0.484279,-0.394962,2.26173,0.154382,-1.8714,2.70764,1.54382,-1.00274,6.61036
13.4628,-0.487282,-0.39105,2.16962,0.150375,-1.97896,2.8494,1.50375,-1.60226,6.86131
13.4979,-0.490287,-0.386647,2.16963,0.146479,-2.08902,2.99566,1.46479,-1.49567,6.28816
13.5276,-0.492394,-0.38284,2.06882,0.144002,-2.16774,3.10107,1.44002,-2.00288,6.51976
13.5629,-0.494659,-0.378261,1.96084,0.141569,-2.24827,3.20937,1.41569,-2.49377,6.75222
13.5969,-0.496497,-0.37379,1.96082,0.139962,-2.30592,3.28721,1.39962,-2.03916,6.15481
13.6266,-0.497678,-0.36981,1.84739,0.139501,-2.32385,3.31149,1.39501,-2.35431,6.36205
13.6602,-0.4988,-0.365256,1.73108,0.139476,-2.32603,3.31447,1.39476,-2.58163,6.63727
13.6923,-0.499513,-0.360842,1.73108,0.140268,-2.29766,3.27612,1.40268,-1.82849,5.96626
13.7234,-0.499829,-0.356504,1.61509,0.141867,-2.24794,3.20917,1.41867,-1.91923,6.26554
13.7602,-0.499895,-0.351303,1.50272,0.144432,-2.16916,3.10341,1.44432,-1.81456,6.51729
13.7935,-0.49957,-0.346538,1.50272,0.147551,-2.07194,2.97337,1.47551,-0.903309,5.88769
13.8258,-0.498841,-0.341843,1.39604,0.151351,-1.96916,2.83709,1.51351,-0.76164,6.16956
13.8588,-0.497854,-0.337016,1.29734,0.155653,-1.85848,2.69158,1.55653,-0.542843,6.39597
13.8876,-0.49665,-0.332724,1.29734,0.159992,-1.75215,2.55323,1.59992,0.159514,5.92192
13.9244,-0.494729,-0.327195,1.20706,0.166037,-1.62222,2.3871,1.66037,0.516099,6.12179
13.9595,-0.492557,-0.321858,1.12594,0.172238,-1.50136,2.23595,1.72238,0.863195,6.2487
13.9877,-0.490493,-0.31753,1.12594,0.177582,-1.40582,2.11936,1.77582,1.4651,5.95997
14.0236,-0.487485,-0.311938,1.05324,0.184751,-1.29015,1.98278,1.84751,1.87536,6.09134
14.0582,-0.484282,-0.306514,0.988656,0.191904,-1.18602,1.86517,1.91904,2.27028,6.25412
14.0887,-0.481096,-0.301674,0.988651,0.19848,-1.10498,1.77911,1.9848,2.77703,6.06951
14.1243,-0.476999,-0.295958,0.931477,0.206361,-1.01446,1.68871,2.06361,3.13835,6.20226
14.1566,-0.473021,-0.290727,0.880548,0.213639,-0.936119,1.61622,2.13639,3.47641,6.3507
14.1862,-0.469022,-0.285884,0.880548,0.220438,-0.871753,1.56267,2.20438,3.90196,6.24774
14.2232,-0.463683,-0.279786,0.835446,0.229026,-0.799997,1.51078,2.29026,4.28437,6.37114
14.2555,-0.458758,-0.274418,0.795436,0.236591,-0.742264,1.47546,2.36591,4.60463,6.54926
14.2843,-0.454019,-0.269583,0.79544,0.243378,-0.693024,1.44994,2.43378,4.9577,6.51161
14.3201,-0.447826,-0.263519,0.759638,0.251842,-0.63827,1.42885,2.51842,5.2963,6.69265
14.3515,-0.442178,-0.258172,0.727848,0.259266,-0.594994,1.41822,2.59266,5.57721,6.88165
14.3851,-0.435677,-0.25238,0.727848,0.267191,-0.553007,1.41374,2.67191,5.95238,6.91584
14.4197,-0.428734,-0.246396,0.6993,0.275282,-0.512475,1.41423,2.75282,6.24589,7.11465
14.4507,-0.422295,-0.240987,0.673678,0.282528,-0.477864,1.41848,2.82528,6.52723,7.32758
14.4829,-0.415187,-0.235313,0.673679,0.28995,-0.446898,1.42802,2.8995,6.85586,7.40356
14.5225,-0.406146,-0.228291,0.650687,0.298987,-0.410664,1.44314,2.98987,7.17327,7.58062
14.5532,-0.398935,-0.222826,0.629961,0.305912,-0.384252,1.45726,3.05912,7.41457,7.76121
14.5841,-0.39131,-0.217267,0.629961,0.312779,-0.36223,1.47467,3.12779,7.69391,7.80561
14.6194,-0.382368,-0.210889,0.611314,0.320491,-0.337007,1.49526,3.20491,7.97571,8.01973
14.6474,-0.375124,-0.205812,0.611311,0.326521,-0.31696,1.51214,3.26521,8.20397,8.10935
14.6811,-0.366011,-0.199636,0.594345,0.333612,-0.297701,1.53464,3.33612,8.43601,8.29816
14.7185,-0.355656,-0.192753,0.57908,0.341336,-0.27582,1.55971,3.41336,8.7474,8.56936
14.7481,-0.347293,-0.187284,0.579082,0.347345,-0.257716,1.57952,3.47345,8.93987,8.64518
14.7817,-0.337449,-0.181032,0.56514,0.353911,-0.242238,1.60311,3.53911,9.12767,8.85707
14.8152,-0.327441,-0.174766,0.552662,0.360332,-0.227425,1.62672,3.60332,9.35914,9.10292
14.844,-0.318704,-0.169377,0.552664,0.36571,-0.215085,1.64683,3.6571,9.55071,9.20304
14.8827,-0.306587,-0.162064,0.541261,0.372689,-0.197873,1.67306,3.72689,9.75663,9.42961
14.9133,-0.296847,-0.156269,0.530891,0.378031,-0.185312,1.69361,3.78031,9.90581,9.63632
14.9445,-0.286738,-0.150334,0.530887,0.383316,-0.17397,1.7144,3.83316,10.0845,9.74864
14.9796,-0.275095,-0.143621,0.521592,0.38899,-0.161966,1.737,3.8899,10.2304,9.90644
15.0109,-0.264554,-0.137605,0.51317,0.393909,-0.151598,1.75678,3.93909,10.3767,10.1005
15.0444,-0.253105,-0.131153,0.513171,0.398952,-0.14098,1.77723,3.98952,10.5428,10.1985
15.0791,-0.241016,-0.124442,0.505563,0.403883,-0.129999,1.7973,4.03883,10.6916,10.3189
15.1081,-0.230813,-0.11882,0.498723,0.407871,-0.121304,1.81369,4.07871,10.7823,10.4572
15.1425,-0.218525,-0.112128,0.498724,0.412335,-0.112464,1.83226,4.12335,10.944,10.6106
15.1801,-0.20489,-0.104787,0.492651,0.416891,-0.102893,1.85127,4.16891,11.1022,10.815
15.2092,-0.194249,-0.0990989,0.487202,0.420252,-0.0954396,1.86533,4.20252,11.11,10.9078
15.2431,-0.181677,-0.0924383,0.487201,0.423927,-0.0865588,1.88071,4.23927,11.2289,11.0311
15.2784,-0.168423,-0.0854822,0.482373,0.42744,-0.0782311,1.89552,4.2744,11.3282,11.1342
15.3068,-0.157701,-0.0798821,0.478183,0.430121,-0.0717515,1.90687,4.30121,11.3789,11.2233
15.3428,-0.143974,-0.072767,0.478183,0.433191,-0.0636791,1.91989,4.33191,11.4649,11.2891
15.3776,-0.130606,-0.0658871,0.474555,0.435847,-0.0561909,1.93118,4.35847,11.5647,11.3907
15.4058,-0.11967,-0.0602783,0.471478,0.437872,-0.0501639,1.93981,4.37872,11.5861,11.474
15.4416,-0.10573,-0.0531712,0.471478,0.44008,-0.0425776,1.94923,4.4008,11.6291,11.5275
15.4848,-0.0887745,-0.0445708,0.468925,0.442359,-0.0333906,1.95896,4.42359,11.7061,11.6113
15.5106,-0.0785981,-0.039426,0.466897,0.443531,-0.0283834,1.964,4.43531,11.6718,11.645
15.5422,-0.0661098,-0.033131,0.466897,0.444733,-0.023112,1.96918,4.44733,11.7243,11.7079
15.5772,-0.0521932,-0.0261364,0.465396,0.445755,-0.0158389,1.97357,4.45755,11.7591,11.7287
15.605,-0.0411532,-0.020595,0.464309,0.446362,-0.010843,1.97619,4.46362,11.7466,11.7197
15.6438,-0.0256334,-0.0128222,0.464309,0.446362,-0.010843,1.97619,4.46362,11.767,11.7316
15.6742,-0.0134935,-0.00674877,0.463768,0.446362,-0.010843,1.97619,4.46362,11.7269,11.7161
